"X2","X3","X4","X5","X6","X7","X8","X9","X10","X11","X12","X13","X14","X15","X16","X17","X18","X19","X20","X21","X22","X23","X24","X25","X26","X27","X28","X29","X30","X31","X32","X33","X34","X35","X36","X37","X38","X39","X40","X41"
0.974412646353748,0.980657563034964,0.98500565531387,0.987692283601766,0.989407019481312,0.990568853286325,0.991669217667264,0.992315663313544,0.993115868057329,0.99350190501431,0.993480346877431,0.993987812253861,0.994244382520316,0.994912121551105,0.995327554972875,0.995744292123156,0.99594269856353,0.995974713720429,0.996275537506934,0.996356172214768,0.996469106777833,0.996484935188717,0.996636592520524,0.996695183557651,0.996824182087891,0.996965307918877,0.997142489681681,0.997238662138003,0.997313958692178,0.997613781706801,0.997749392975802,0.997864842865172,0.997977581856554,0.998074825958948,0.998059821092677,0.997936533642496,0.997887118338125,0.997895041459842,0.997991203389614,0.99801954883541
0.977355336042182,0.980199230535878,0.983933534178685,0.986317011408934,0.989431098150725,0.991392541853199,0.992081502937509,0.993345294520521,0.994019261051978,0.9944783189308,0.994925617707768,0.99504747121085,0.995143147750235,0.995468881174591,0.995849713184587,0.996160834722052,0.996171915504192,0.996393135062364,0.996591850268729,0.996866075925742,0.996909271145503,0.997397556248972,0.997612063689688,0.997868353569483,0.998075859872516,0.998255275096291,0.998350616213934,0.998300031630131,0.998336446482843,0.99846771731097,0.998540756058398,0.998556224618878,0.998572230624905,0.998484168574448,0.998513975269549,0.998620297930931,0.998648055617457,0.998716281880063,0.998740158574284,0.998751478871948
0.974882451688106,0.981201173557826,0.985773485245943,0.987418521267703,0.988729707907234,0.990071364088446,0.99094018848624,0.992106530850966,0.992835012557471,0.993622776346888,0.993993056250754,0.994449824682164,0.994375709055221,0.994826953312042,0.995175218242847,0.995629662973562,0.996042538763092,0.996399896585462,0.996593911822443,0.997147434209179,0.997213738427884,0.997439628395371,0.997568989322192,0.997626729942305,0.997714903230749,0.99792969285128,0.99794841503413,0.998011617994769,0.998055779828726,0.998078484794192,0.998054290225137,0.998100241813798,0.998216549767695,0.998326748870501,0.99846340002837,0.998475289889458,0.998601420870642,0.998700584150581,0.998739875944178,0.998789625822263
0.975567053882181,0.981873442035071,0.986075053620868,0.988029484171035,0.990047854651185,0.99105991024628,0.992512314690697,0.993410022423981,0.994463629684176,0.99451624689059,0.995183374291666,0.995931003051177,0.996527692217084,0.996459562026502,0.996789583688493,0.997131716391643,0.99717403330845,0.997361064853761,0.997490870323643,0.997626308894043,0.997640232270348,0.997843120426132,0.997948660697552,0.998023655049329,0.998010553195603,0.997965000097119,0.997939415974596,0.998030773664908,0.998150623102799,0.998432431524548,0.998474358880816,0.998466886938867,0.998569404369516,0.998775244605581,0.998725168845704,0.99866908181308,0.998775024784243,0.99874931293538,0.998791387237705,0.998740795091318
0.977791698643297,0.984051807478719,0.987561170703322,0.990293161554633,0.991202450023972,0.992695251603992,0.993755056916179,0.995192599446151,0.995520370540918,0.995787718715327,0.996341417164153,0.996297485354145,0.996228007975666,0.996468628394079,0.996762094310524,0.997000687379397,0.997277346162321,0.997481956379755,0.997600287225764,0.997678254986333,0.997784271973252,0.997938770363749,0.998026430213036,0.998143392363715,0.998299948111393,0.998454970882667,0.998563736737379,0.998576109266872,0.998587039635908,0.998808769192655,0.99886425980498,0.998683433876399,0.99873037091176,0.998892099798266,0.998935764531513,0.998953802234574,0.998952797021946,0.99902439937721,0.998977580027686,0.998983489137139
0.975402273027095,0.980692396598695,0.984320404869504,0.987894123214955,0.989460276492119,0.99127923378359,0.99270048479311,0.993024231078325,0.993399105036939,0.99403493607334,0.994489651639586,0.994914794978522,0.99561295689459,0.995910103809528,0.996184410030996,0.996416956247933,0.996605190120265,0.996647283484902,0.997030537076469,0.997155692756965,0.997149596787596,0.997202737951321,0.997096583136249,0.997351598555898,0.997447672809799,0.997514712252696,0.997591248300298,0.997561878959771,0.997641035461122,0.997732577802204,0.997759082783446,0.997968618515424,0.997893499231724,0.997946864925999,0.997856625127146,0.99795334904318,0.998028076634684,0.998097929487401,0.998114246009637,0.99819199577704
0.974496955371762,0.980170395164195,0.983716498876397,0.986642695976792,0.988535921990807,0.990217478340301,0.991215621187554,0.991767582616413,0.992705403665232,0.99331427701161,0.994152897557367,0.994515006684036,0.994981154916123,0.99541804543526,0.995546732299963,0.99564982637033,0.995818581106888,0.996133385198088,0.99640482994046,0.99629468836041,0.996602360624185,0.996877864925511,0.996989110809018,0.997170866278837,0.997369912887106,0.997430861579729,0.99746958653243,0.997558333079419,0.997538271335659,0.997610171277003,0.997572580124342,0.997666224367323,0.997704239048126,0.997612638674429,0.997628121617944,0.997753100708252,0.997782818467878,0.997837320978018,0.998002924211174,0.998009307311113
0.97365953125285,0.980139309605608,0.984308757684406,0.987087160773823,0.989089084531326,0.990604681362126,0.991934052320677,0.992685612313025,0.99362882780236,0.994323695014616,0.994838820222205,0.995212432225503,0.995448265161736,0.9958508641634,0.996152980485608,0.996500958491267,0.996501946098712,0.996667966626985,0.997035663685356,0.997173085682112,0.99716089975739,0.997297997106322,0.997294500117144,0.997515233881979,0.997568788983099,0.997597620243042,0.997907852468673,0.997958209176558,0.998230051745581,0.998124997721399,0.998170314835425,0.998166552489259,0.998265692315096,0.99826086596079,0.998264670669595,0.998313499764035,0.998275761685652,0.998445052131674,0.998493760962522,0.998494251684033
0.975618693309866,0.981298935473793,0.985257061733687,0.987282338912144,0.988514213270554,0.989555331249647,0.990615682512509,0.991379894141687,0.991989017581712,0.992841834549487,0.993642372536797,0.994112487139933,0.994902102945045,0.995010785233761,0.995568109840124,0.9959490258414,0.99607643941965,0.996123643919135,0.996216620881461,0.996532707050111,0.996664866721062,0.996802684281568,0.996886990818914,0.997162626829138,0.997126459486483,0.997433902889813,0.997587101497888,0.997839541017224,0.998031781120654,0.997977700851229,0.998059150367463,0.99818843834611,0.99824915638232,0.998468166775688,0.998553259762196,0.998592281566958,0.99862524429961,0.998739727813944,0.998824517332733,0.998797670801571
0.978065618775235,0.983288007160282,0.985475398633957,0.987639439042102,0.989556949069152,0.990771178175293,0.990991617359124,0.992446735467634,0.993293676180004,0.993930169415497,0.994244671373024,0.99482028153996,0.995218850039704,0.995423491610421,0.995505831884115,0.995721269481627,0.995925296346573,0.99599183828772,0.996372708973138,0.996608469186662,0.996769903206032,0.99689764256074,0.997157722244219,0.997201615055775,0.997515721854715,0.99762851455325,0.997785487410998,0.997984185962253,0.998231220345293,0.998201246201262,0.998211236193311,0.998425482871174,0.998472462392884,0.998612986080652,0.998629072600204,0.998641771046569,0.99861228817404,0.998780303588136,0.998907740553276,0.998901136056436
0.975835096275844,0.981251341080038,0.985434722443184,0.987299596350322,0.989538391120691,0.990429321307132,0.991431089803644,0.992360405683912,0.993113409028134,0.993626687097772,0.994032561930726,0.994483063484515,0.995033087061605,0.995380387685376,0.99549312568752,0.995962517620646,0.996099279291864,0.99619125000559,0.996402238116785,0.996522592063674,0.996650431393903,0.996828599032,0.996898535499998,0.997098576429474,0.997130917000755,0.997125458662892,0.997359197868783,0.997451759573353,0.99739988653087,0.997395992828057,0.997437637193414,0.99740674515386,0.997610624686893,0.997739588215781,0.997845212104509,0.997880707930632,0.997985193863823,0.99792862497939,0.997903871534235,0.997950732497027
0.973989314031089,0.980992957433661,0.984861676969019,0.988304781571708,0.990042662576817,0.991014864173607,0.99162058571208,0.992971521216389,0.993543760105048,0.99418153104198,0.994269597836266,0.994964073103093,0.995373125464839,0.995698474931489,0.9960554449892,0.99612389659207,0.996194080608676,0.996429806409099,0.996776533416896,0.996859132671205,0.996890587928098,0.996992295898084,0.997172016260121,0.997464997696955,0.997385436275294,0.997507821945497,0.997694108958886,0.997841647160009,0.997996782347153,0.997866549966832,0.997913142158214,0.998021035958281,0.998027831458105,0.998139305287784,0.998179892039049,0.998336147273471,0.998399282058001,0.998458307396285,0.998596227110573,0.99871587179159
0.975817565659326,0.982550301427306,0.98590620130088,0.988676016424644,0.990446865089871,0.991963517287092,0.992424033917176,0.993015379832347,0.993730848410639,0.994393174273213,0.994859826757169,0.994962131170596,0.99544491427662,0.996043025627077,0.996316257428778,0.996363211956416,0.996588312812893,0.99680770122992,0.996909951267493,0.997103852674461,0.997190714040024,0.99714789230323,0.997277423409729,0.99729325232642,0.997350248555623,0.997541312528747,0.997562772261591,0.997691156183329,0.99781791401329,0.997844052418436,0.997983810675927,0.998063247800064,0.998092222685146,0.998053838190338,0.998069694183449,0.998014616174337,0.998120712118077,0.998196273615479,0.998331685339306,0.998395947921449
0.970525968177,0.978119311779984,0.982923502532198,0.984498592343419,0.986527178962881,0.988221359408326,0.989209938276848,0.989701699050101,0.990599909386272,0.991656106561718,0.992423974278712,0.993106733618538,0.993987431105009,0.994149745097061,0.994518108474664,0.994794176444543,0.9949085656952,0.995096035966532,0.995253878121201,0.995599387507231,0.995814842199849,0.996115556304797,0.996173994907349,0.996327695682557,0.996528986957507,0.996883144620642,0.997026453661144,0.997028756401549,0.997168020024237,0.99727193353885,0.997250166286086,0.997314863792477,0.997386659666877,0.997476780002587,0.997476894817705,0.997608407879331,0.997664856368559,0.99755465116667,0.997618343685611,0.997797964277663
0.976851349957586,0.981756805835971,0.983978031695705,0.986699792402338,0.98866115778076,0.989661328122071,0.99099321575613,0.99169619462379,0.992627322744077,0.99333871905833,0.993886742950799,0.994016336765591,0.994137498213747,0.994658794381148,0.995185330980321,0.995687746345405,0.996099074134754,0.996318804950569,0.996500893388022,0.996876949623658,0.997055714495379,0.997250467374314,0.997431857864412,0.997441217072643,0.99746370424015,0.997640574338789,0.997812621632815,0.997881603167743,0.997755220427434,0.998001862820221,0.998252989945004,0.998244674977159,0.998356656002151,0.998506267577837,0.998574727432107,0.998483141260033,0.99857183679021,0.99857826842863,0.998571263147682,0.998545282043974
0.975326190321797,0.980302143651279,0.983979915065631,0.986887915535798,0.989037936237373,0.990325392287879,0.991520404648542,0.992759903211407,0.993519776920733,0.993991834637619,0.994739341622044,0.995137636634116,0.995467739820088,0.995630321072873,0.995840805550822,0.996161053415777,0.996120045098181,0.996490688327948,0.996629381694693,0.996753228501897,0.997000051345901,0.997185049645442,0.997153056585153,0.99730331426225,0.997460686389406,0.997606588811715,0.99764969589755,0.997819742389544,0.997858348053986,0.998054856315691,0.998019433830083,0.998081012801533,0.998134384411879,0.998198073053729,0.998228630225926,0.998329351696872,0.998353235044589,0.998375593494658,0.99835287217641,0.998300134414889
0.976205345221256,0.9803888790833,0.983940160842813,0.986058357261053,0.98832686624445,0.989553743223167,0.990769015520081,0.991415238533982,0.992450779025639,0.993185636238754,0.994064309770882,0.994679181103764,0.995064460923629,0.995435638340426,0.995643749366787,0.996036986976879,0.996189631762992,0.9961906574134,0.996433531028923,0.996669826382289,0.996836293427711,0.996913215273756,0.997019098124241,0.997177857618412,0.997393953029572,0.997648655353122,0.997807666875346,0.99785648463561,0.997738904702386,0.997993363408347,0.99794816590722,0.997994657698295,0.998075302910294,0.998220593823212,0.998314701553717,0.998265692576253,0.998318020567879,0.998239927676283,0.998311772271219,0.998437610739723
0.975774626003517,0.980233155612981,0.984470414034454,0.986509011333492,0.988945166130703,0.990385325455758,0.991419661507141,0.992191241058609,0.992702044136397,0.993492072450188,0.993382040662065,0.993881652540281,0.994290942832808,0.994892448549906,0.995229865120279,0.995728937030901,0.995923015931965,0.996297401672884,0.996616081405096,0.996948970133701,0.997081647581061,0.997001669839043,0.99714590901504,0.997289960320575,0.997386774409051,0.997602401643234,0.997762846312465,0.997731118380631,0.997924475469334,0.997953308374688,0.998154892551133,0.998280801994743,0.998334588607526,0.998418600959804,0.998414103425417,0.998466414713436,0.998497963973715,0.998468185798043,0.998508439793105,0.998564270278776
0.969821905604258,0.977956218947291,0.983315430874185,0.98585766257339,0.987537313586128,0.989237489928047,0.990108646356911,0.991523075249632,0.992160099297657,0.99266367300764,0.993099260323526,0.994003582316293,0.994324832436606,0.994574385305709,0.995235035658361,0.99558560647375,0.995816578439668,0.996106318825333,0.996203805795999,0.996291424875373,0.996332978771403,0.996819695500159,0.99694229589084,0.996993554118659,0.997121570524724,0.99698609788241,0.997233392337223,0.997369595577938,0.997536325360393,0.997786183085184,0.997911825132364,0.998010180979683,0.998151293039692,0.998199677644664,0.998221145461768,0.998142183691383,0.998098209993761,0.998218225878433,0.998263001438376,0.998264954462776
0.977447211483886,0.983191888096242,0.987347569728244,0.989087471541822,0.990455871630254,0.991908516628373,0.99296769164574,0.993213380045564,0.994044991290938,0.994375278516527,0.994833630572116,0.995114879068913,0.995423996758988,0.995749336596779,0.995914184577133,0.99606181203053,0.996338832054089,0.996333102082515,0.996531870149306,0.996565395280583,0.996870794361467,0.996997971286054,0.997015770743581,0.997086735560163,0.997150410857325,0.997290986630103,0.997394506252307,0.997506726596667,0.997653756652118,0.997704880004914,0.99773529232538,0.998021462554561,0.998108210654992,0.998134033080115,0.998177639689462,0.998207351182766,0.998286392175678,0.998394881136248,0.998461833863818,0.998503775595089
0.972952937745097,0.979248830041106,0.982590212337431,0.985233545646634,0.987349959092472,0.988689710349315,0.98996740514866,0.990809509195028,0.991876909210232,0.99269293384404,0.993586805148344,0.993869984855142,0.994540267124934,0.994957554284815,0.995221311571391,0.995591371396885,0.995926619066128,0.995956752220959,0.996276442178324,0.996335868354846,0.996357247365113,0.996382049267978,0.996406236639563,0.996609611585962,0.996835520175382,0.996986791665735,0.997174569615421,0.997095328485462,0.997156222434373,0.997252091454152,0.997371005469832,0.997409901447242,0.997564240116267,0.997688003278655,0.997635748657288,0.99768467319024,0.997673431289428,0.997806116767629,0.997941367972777,0.99808330376989
0.974418469551497,0.980349291767215,0.982995192550101,0.984777440015737,0.988018317111667,0.989041966456364,0.990404971313718,0.991155812682308,0.991920553257343,0.992795052165512,0.993439149131127,0.994062469638297,0.99423996734984,0.994813604107709,0.995314121623135,0.995403275999088,0.995833928863521,0.996235009102667,0.996571725253132,0.997035748874936,0.997264612480674,0.997349976807426,0.997701404635572,0.997844363113345,0.998032749402154,0.99824053285429,0.998347584535089,0.998472427031458,0.998579818529655,0.998492999755857,0.998657910308036,0.998668239259622,0.998629884076192,0.998689701393049,0.998840363096216,0.999048598800124,0.99903641272496,0.999004473112404,0.999113827229168,0.999087666363575
0.97499095340682,0.980505936453527,0.985037206763326,0.988276942584745,0.990164095735228,0.991249216002092,0.992438790116535,0.993133620910636,0.994102393476495,0.994418963722815,0.994909317486306,0.995260398494744,0.995533564607319,0.995807089172774,0.995655117683031,0.995802115807736,0.996016005940849,0.996176365980168,0.99648774286941,0.996804210758259,0.996821342483873,0.996974909548046,0.997371530445973,0.997573744318982,0.997618724244916,0.997589115463664,0.997627326448119,0.997809274594779,0.997983611042487,0.998194829265083,0.998173596363353,0.998207148286082,0.998316742507963,0.99831869282009,0.99822626796258,0.998244992244672,0.998226818823283,0.998226927960285,0.998238920248016,0.998362312295795
0.975329028258512,0.981462668027625,0.985614424937721,0.98802716123688,0.989804954290426,0.99101402704507,0.991633076277965,0.992433567439894,0.993003868278151,0.9933161728368,0.994340010990605,0.995086670071812,0.995790429075841,0.996327395787023,0.996391743196802,0.996439027657351,0.996853626605408,0.997111540164745,0.997439674679331,0.997455705566487,0.997504783963061,0.997477702259745,0.997544504553106,0.997543753877593,0.997716436022498,0.997950420891276,0.998025333231298,0.998045222474896,0.998046681717362,0.998126595986538,0.998146383932988,0.9981980422083,0.998173766115481,0.998283346664657,0.998431948870088,0.998470176034924,0.998449577757351,0.998430038279353,0.998483164999661,0.998540129954927
0.976429002906899,0.981221415098739,0.984595435294541,0.987112309950177,0.988074074906434,0.988586312869387,0.989798073373149,0.990981684125175,0.991692870657123,0.992221841445802,0.992722225418942,0.992774744064608,0.99308957304013,0.993268658339861,0.993776011752807,0.994324034451245,0.994493973459016,0.994784630259761,0.994687999618631,0.994946328133192,0.99516397972723,0.99550940790536,0.995725645061212,0.995948155966821,0.996041477397023,0.996116299143143,0.996181673899909,0.996358756736427,0.996597952349974,0.996622441204853,0.99676380504465,0.996925390493649,0.996949101543706,0.997035635229722,0.997134768416752,0.997195628856209,0.997205674752559,0.997272611243803,0.997405833792559,0.997482881722574
0.973473171879314,0.980861306371554,0.985230102126716,0.987857405713755,0.989179819142368,0.990271005519496,0.991408246140321,0.992126649589896,0.992715831036132,0.993019082304516,0.993244556447504,0.993459230877289,0.994112390348836,0.994465606077306,0.994812883472299,0.994889878017127,0.995279011087542,0.995560421936128,0.995994999958989,0.996094262931262,0.996301832916693,0.996598282014504,0.996705811874446,0.996807428482398,0.996877382553111,0.997101492962052,0.997155488986229,0.997247149805724,0.99741617829231,0.997323888542477,0.997419716257561,0.997398179519869,0.997427711479773,0.997576333275737,0.997646236604361,0.997745569442263,0.997918147423101,0.997992696724469,0.998110985809222,0.998141771606266
0.975035793936518,0.980285512856358,0.984102229322648,0.986153657532524,0.987802630486296,0.990125600489066,0.99133411031439,0.991994663106644,0.992496676291484,0.993230726017338,0.993785258235539,0.994129350977294,0.994495634876933,0.99471188039595,0.995163324225943,0.995550406729142,0.995521689120156,0.996054752920675,0.996316541138784,0.996722752513747,0.996891325567982,0.99698525440566,0.997113842398823,0.997113032986701,0.997167326964516,0.997412054527353,0.997583188761364,0.997616223015582,0.997762348814988,0.998046524800964,0.998105516163889,0.998262533427837,0.998279567411804,0.998369138042516,0.998405933714563,0.998520193925994,0.998630767431474,0.998625601823695,0.998754677491211,0.998864365820389
0.972878358206394,0.979249607638117,0.983000569956064,0.985653401392782,0.987867502982667,0.990048608698755,0.99082357869334,0.991707823926139,0.992733695944334,0.993344257832161,0.993547090904653,0.993699916655238,0.99446216158119,0.994639929690406,0.994704616625202,0.995210554908264,0.995292019538141,0.995709767910891,0.996033347780304,0.996286731361556,0.996505174178492,0.99678862233787,0.997110470704912,0.997259733793979,0.997330381071135,0.997306882332203,0.997383048835138,0.997309124443632,0.997345987681134,0.997527852997314,0.997558056968606,0.997773667207153,0.998014834518213,0.998030569775244,0.998047634497658,0.998064323671143,0.998239763775301,0.998257924820736,0.998232999882736,0.998234179524626
0.975557670729036,0.981605020589522,0.985006594523009,0.987558127777836,0.989294497245804,0.990445586101219,0.991356150866151,0.992108088906708,0.992619658847474,0.993156316108068,0.993376216998964,0.993762996728805,0.994446719335866,0.995008614926,0.995510579653089,0.995809298571817,0.996208697011313,0.996442065846284,0.996421520397415,0.996743615044404,0.997088423027784,0.997194094776672,0.997280437250685,0.997428079887864,0.99754452194053,0.997624118205533,0.997876960501547,0.997906473346736,0.998137252475119,0.998250225675758,0.998505582005835,0.998411517726785,0.998462145442622,0.998641018386542,0.998591169836719,0.998700455886478,0.998705514317701,0.998770103223378,0.998731090331146,0.998743720880796
0.972727147286423,0.978819747026702,0.982744642336883,0.987093223425361,0.989094784445978,0.99094927360894,0.992678403639958,0.994371091416234,0.99498603867981,0.995346461276044,0.99570893570423,0.99626529358043,0.996341477811672,0.99675111810321,0.996929982695278,0.996810508932434,0.99692276408825,0.997330676848067,0.997510033979875,0.997767469292919,0.997873817736938,0.9980686821811,0.998257528637335,0.99834480846414,0.998598916433689,0.998618142429631,0.998619018151879,0.998655230649934,0.99873633471284,0.998758689977104,0.998890635309405,0.999031214911248,0.999034189119735,0.999046479653861,0.999241942490283,0.999363908798983,0.999364057013937,0.999314748171538,0.999430690742772,0.999511962036812
0.979552295474929,0.984324105765597,0.98648889908156,0.988239717328884,0.990123528899028,0.990840495920548,0.991867832612865,0.992210885024089,0.993187469472122,0.994101940202255,0.994822728306713,0.995003628495978,0.99548071739905,0.996153765089583,0.996768513145185,0.997036821735803,0.997315428750298,0.99741201603592,0.997457540132518,0.997538225632343,0.997642599602432,0.997833092459333,0.997881960340723,0.997879463777962,0.998224975554668,0.998353343223016,0.99846360871756,0.998427994106109,0.998456659388373,0.998543147856232,0.9985895566995,0.998600181306316,0.998698150096084,0.998776792244303,0.99880589885992,0.99888181256599,0.998911714156774,0.998969296721028,0.998918185286649,0.998907554328744
0.975561033513236,0.981134513041091,0.985572115652242,0.988241270516303,0.989920883759943,0.991235358467824,0.991363247311787,0.992484088472029,0.993482866573924,0.99415781489535,0.994397816736285,0.995000190355134,0.995427350636249,0.995738745680041,0.995937720193589,0.996287799436521,0.996378526579476,0.996355526569787,0.996524998780673,0.996582706127222,0.996642512013651,0.997091376858963,0.997062840162318,0.997137487539204,0.997142430740024,0.997321483928851,0.99737030858555,0.997400490924038,0.997474743221901,0.99747889173424,0.997547995840056,0.997649370971482,0.997657647112558,0.997637461833883,0.997651645708933,0.997728868813836,0.997702334094558,0.997833968227211,0.997934443776405,0.997877884859265
0.97592110072658,0.981851898917027,0.985203978438354,0.988159542575824,0.990442166717022,0.992419342547501,0.99359711425926,0.994420868005208,0.995019260363976,0.995543849271609,0.995828783224818,0.996251385113111,0.996529835067099,0.99658953096382,0.996863787312042,0.997165745273067,0.99743310431858,0.997546513163752,0.997448257077203,0.997620689176477,0.997871264326809,0.998005919840673,0.997852959358497,0.997974983147771,0.998118267929553,0.998237060937535,0.998235405588839,0.998195505973082,0.998168509420274,0.998099209312761,0.998313128163644,0.998288566540349,0.998289837144919,0.99846290055513,0.998508226196372,0.998583671673965,0.998609525369821,0.998709090133857,0.99871406680877,0.998695934222025
0.975037496500578,0.981208936585219,0.985259657606726,0.988142322990457,0.989124404000047,0.989805629466234,0.991098133749465,0.992181059630129,0.992755965695633,0.993650290620835,0.994310398759884,0.994496142981418,0.995117556858592,0.995174384203721,0.995876879988142,0.995833782492677,0.996022595184322,0.996549626256497,0.996680479391727,0.996808629683292,0.996869658329298,0.996946763662401,0.997187102072888,0.99727336579235,0.997370499172255,0.997452730865569,0.9975527379465,0.997682690689315,0.997737998144394,0.997937766393252,0.997927856519585,0.99796191595144,0.997947280358816,0.998024423387343,0.998144337891101,0.99812371730834,0.998135291254951,0.998146177084959,0.998246260070409,0.99830958725424
0.976015298961635,0.981537438269383,0.986239848959266,0.988915422865187,0.989938720707823,0.991259389136004,0.992157825991757,0.9931136617307,0.993754253946486,0.99425108207504,0.99496318616761,0.995109801436737,0.995302737404869,0.995679605123309,0.996141017742816,0.996498842576019,0.996397545896619,0.996791853464653,0.997193780351877,0.997263676160473,0.997384434894535,0.99736679915815,0.997468361173221,0.997659085593875,0.997613333161705,0.997557868474246,0.997718682684137,0.997678423370316,0.9978168051783,0.998083229068898,0.998173069840121,0.998208457575097,0.998360388477301,0.998423509771572,0.998356840595013,0.998408225340088,0.998361629225572,0.998350943145847,0.998440885988091,0.998606338660562
0.975275272165307,0.979393736694675,0.984587468793457,0.986781275763393,0.988302484225529,0.989351305069129,0.990085576583412,0.991546161779413,0.992127299681474,0.992714276163581,0.993340882191564,0.993714500950455,0.99406739848597,0.994047292625666,0.994646110355637,0.995005571831725,0.995223698652778,0.995367680322454,0.995405351045436,0.995679635388135,0.99589597360386,0.995834898907453,0.995953464406123,0.996222707946219,0.996533379628449,0.996771968763959,0.997176306602021,0.997415810370655,0.997379806052044,0.997424177299791,0.997539271804599,0.997584700440189,0.99774885478502,0.997917867298903,0.997893684167498,0.99795313978885,0.998044995836311,0.998002930924192,0.998184102817319,0.998232805886047
0.974755458461904,0.980601040068271,0.985364159090653,0.987353839351294,0.989073220955589,0.990480557458003,0.991659275851563,0.992654630996456,0.993310708656981,0.993594985810736,0.994277352772293,0.994471906634909,0.994938434663628,0.995327772908319,0.995781072349107,0.996127799833929,0.996351373620476,0.996466766730629,0.996600934739919,0.996790617894498,0.997223805944749,0.997292988366179,0.997561536425191,0.997664266581765,0.997830472001751,0.997898286066151,0.997964392455587,0.997952820722359,0.997884026049733,0.997885472188715,0.997971135648696,0.99806861226912,0.99817827071042,0.998190716346234,0.998297965663016,0.998323355076072,0.998349234439908,0.998291164487861,0.998438553373699,0.998558715672789
0.978502029316237,0.983968768730094,0.988158459096581,0.99097263241481,0.991674171402729,0.992183884534346,0.993022873734298,0.993986133299643,0.994256801639701,0.994955202295212,0.99548792723846,0.995647450289589,0.996182449870204,0.99663222866552,0.996891166682265,0.997132624933197,0.997409008649647,0.997489266979034,0.99775717999126,0.998204659929481,0.998349782758632,0.99837451804137,0.998456944829934,0.998431719404687,0.998482036743894,0.998408312724022,0.998698845200729,0.998736088572482,0.998794136288371,0.998953657074221,0.99890189444446,0.998873973188713,0.998807020968471,0.998906182449786,0.998798501785421,0.998936290916293,0.998900831115602,0.998886902966346,0.998885798312415,0.998931772057972
0.97596626898042,0.982680111280841,0.986567224874124,0.989068192326631,0.991003050838446,0.992055229766476,0.99255586077239,0.993142824337773,0.994148302641141,0.994646812823697,0.995256833193461,0.995656984168869,0.996030957649584,0.996394229089593,0.996670651524659,0.997034282326062,0.996936331418313,0.997270793783657,0.997461049636898,0.997639836737648,0.997667116187607,0.997709492783873,0.997976014935595,0.998084847742419,0.99808784309214,0.997986841964779,0.998059027599838,0.998089575764079,0.998118181486656,0.998155602962585,0.998216621870771,0.998396267030965,0.998449666874268,0.998506836837059,0.998636671253527,0.998672217050553,0.998757303522378,0.998665225111876,0.998661686550435,0.998674830214988
0.976477565224083,0.980894382373897,0.98385403000362,0.986291611510726,0.988331303340536,0.989819596128374,0.990607578297107,0.991823263746626,0.99258720526049,0.993549618880189,0.993871114550359,0.994196562483268,0.994706804391476,0.994915578881286,0.995415778088436,0.995623334790826,0.995786106413592,0.995974256018277,0.995944941924406,0.996232596704791,0.99635374439894,0.996548170021547,0.99657998037373,0.996604311349934,0.996747988663622,0.996860905764093,0.996919311095585,0.996951627865167,0.997066442106966,0.997211328377875,0.997306877739001,0.997351846088806,0.99757370132162,0.997511019574734,0.997576300335695,0.997679479454931,0.997720038990428,0.997748328538593,0.997760463021844,0.997773254384325
0.975199540359239,0.980596952921333,0.983235934985877,0.985192418059038,0.987570090103166,0.989460637931993,0.990931712129856,0.992148399877845,0.992692626022693,0.993183495248568,0.99388759477998,0.994296654316638,0.994763493576169,0.994885551520262,0.995195027092732,0.995163666808427,0.995613828329455,0.995698432120518,0.995671416964602,0.996011794682831,0.996306512553097,0.99630737460015,0.996625060838303,0.996689737744094,0.996751180970141,0.996892056469407,0.997062911281333,0.997244133149979,0.997505205666687,0.997715719490131,0.997717772885983,0.997867706664652,0.997958092077582,0.998084421354438,0.998108864774202,0.998148443122494,0.9982003498022,0.998264408630175,0.998385929665344,0.99845573698571
0.974338479623802,0.979784590210192,0.983990247293858,0.986118780735358,0.988386726189186,0.990214952326318,0.991700329946617,0.992325327173441,0.992798999773682,0.993127524222096,0.993647649861536,0.993861331021662,0.994543337853833,0.994918992946627,0.995281447932264,0.995337342189471,0.995607679432286,0.99581268884854,0.996129799311418,0.996442480802983,0.996402249613523,0.996502801499219,0.996639920801887,0.996634144947657,0.996766221288078,0.996952965994649,0.997017833964182,0.997126531801068,0.997338383576527,0.997515844189672,0.997625979374785,0.997811156454998,0.997878143709132,0.997907106570642,0.997840280677931,0.997968659044585,0.998023008810832,0.998095870029741,0.998140128218118,0.998135604895294
0.972690289793556,0.97933264345671,0.982518450995429,0.985569932838998,0.987562453317833,0.988931611184594,0.990745172601129,0.991623026290915,0.992383397259661,0.993067284686668,0.993976381410316,0.994230871330928,0.994500792894317,0.994973567762734,0.995266564488135,0.995460131887893,0.995750287448971,0.996134016414162,0.996458858054092,0.996453166612647,0.996524291438908,0.996647598496615,0.996855721348549,0.996876423228106,0.99695791001036,0.997091482495005,0.997258769037636,0.997433232987457,0.997428610126291,0.99740353837774,0.997620468610523,0.997789241672909,0.997897250681588,0.99802080223077,0.997959025510551,0.997907107900258,0.99789016948598,0.9979339934302,0.997906413599905,0.99801146256162
0.974196689814147,0.979531477568376,0.984094000046922,0.987630699424527,0.989911995629326,0.991968224614728,0.992498376307244,0.993272819649726,0.994319979499023,0.994261686062917,0.994764973710766,0.995158341796568,0.995723367173506,0.996186039942617,0.996799195577207,0.997143961963938,0.997006207801526,0.997257230187723,0.997246131324639,0.997540377125748,0.997798272989393,0.997778877351121,0.997926775885271,0.997919681855215,0.998188004011504,0.99836954998266,0.998360596560224,0.998343897431338,0.998539335814625,0.998730955749326,0.998867731226262,0.998846363098299,0.998712991022508,0.998737619501745,0.998760536572471,0.998747780965331,0.99867480446636,0.998521071752644,0.99847191553636,0.998538553782702
0.973179392779075,0.979396087990889,0.983571170637718,0.98602456486894,0.987758189219519,0.989651305781598,0.990822604669627,0.991574270888414,0.99256602413261,0.993458074076254,0.993611721764552,0.994025317873693,0.994587786587716,0.995288861588777,0.995762216307616,0.995957595835341,0.99606370643988,0.996397954415665,0.996547844232144,0.996845188512039,0.997098735426267,0.997101498611999,0.997401411929287,0.997438572985706,0.997332896628391,0.99732148594843,0.997383206685791,0.997431395001671,0.997599991593613,0.997631042826367,0.997894776869553,0.998033323203727,0.998061596138229,0.99795628311565,0.998124165897339,0.998100329880835,0.998038601256101,0.998068806715857,0.998130486639235,0.998008914414593
0.975066057814016,0.98129479079107,0.984469433498798,0.986054450977702,0.987708893856534,0.989739698231614,0.990846618992455,0.991589026450266,0.99247877102494,0.993080785665036,0.993218465559791,0.993999789478387,0.994671122748819,0.994966212815207,0.995389420859359,0.995693484563773,0.995858579891247,0.99607233197206,0.996115379148286,0.996209785666168,0.996516102369536,0.996637225957775,0.996810259948221,0.996925622567385,0.996953593406808,0.996976043272716,0.997069324791773,0.996897419984459,0.996990186822886,0.997178413858644,0.997217276365323,0.997320608503414,0.997475319351183,0.997656245717219,0.997746115965657,0.997784225489199,0.997882133091897,0.998001835697119,0.998120903596467,0.998135678552167
0.974898381394925,0.982274968973978,0.985774405821957,0.987633397428198,0.988674884690706,0.989834024264271,0.990879456463942,0.991781965478419,0.99262393222595,0.993243747304368,0.993890605459735,0.994149749519092,0.994387937617584,0.995381754427045,0.99518193949061,0.995651648913792,0.995888365477314,0.996049963630209,0.99623303697816,0.996350896460215,0.996597712232734,0.996951526838827,0.997296662777873,0.997206330771747,0.997281851043268,0.997481611242691,0.997515398621893,0.997656754406852,0.997715505949752,0.997903062987249,0.998019881110302,0.99794424758951,0.997922816539346,0.997931561681495,0.997949265809797,0.997892702434487,0.998148112070306,0.99824714728999,0.998165763581212,0.998091877083873
0.978866484394505,0.982223248589899,0.984998319792594,0.987464497580228,0.989783780609176,0.990806321026931,0.992253443617065,0.993006431994465,0.994033118362784,0.994346532366861,0.994752867873948,0.994938793458965,0.995675785347074,0.996101677079119,0.99637638136717,0.996446382902399,0.996699602872523,0.996849389842173,0.997274209026274,0.997197975720921,0.997248593698723,0.997371032005887,0.997481339331293,0.997451297442878,0.997518521294495,0.99770277406951,0.997761107053649,0.997831686992223,0.997912677677371,0.99797919646266,0.99817158046678,0.998247862602055,0.998352618579509,0.998297679253199,0.998285433165258,0.998440638567545,0.998500462300124,0.998603324677671,0.998719187417304,0.998626118948522
0.971529617071585,0.978939310022213,0.984151282456604,0.986197988181434,0.987929044931836,0.989314635899244,0.989967175133676,0.990853071966914,0.9918275640502,0.992301860297375,0.99266814319654,0.993249795883419,0.993814198150067,0.994467772180545,0.995051785350732,0.995469489802436,0.995666163370854,0.995762047806001,0.995823885020366,0.99560757664561,0.995480237850553,0.995662975642584,0.996103925306072,0.996260979313516,0.996713484488568,0.996943089094846,0.997225425050293,0.997362591393705,0.997643520616487,0.997791302788742,0.99779192953846,0.997953367191683,0.998026817967871,0.998110655296946,0.998085749554501,0.998041379856227,0.998087065746466,0.998315737814001,0.99839659997988,0.998491608237579
0.973138970294408,0.977843817082329,0.981830467313633,0.985060940812104,0.986761711915749,0.987921152171221,0.989396212233852,0.990532968342904,0.991339967388024,0.99258091278694,0.993219047480382,0.993652464792031,0.994204768253571,0.994606214963959,0.995233981784792,0.99543135840662,0.995671494938807,0.995955689546331,0.99604172368971,0.996051786045251,0.996105401166977,0.996438758359787,0.996480721736602,0.996609187060021,0.996772524095693,0.996876142816737,0.997019785172567,0.997175435698109,0.997343056511364,0.997561994098347,0.997428185226685,0.997510677270684,0.997580464325208,0.997579965877952,0.997667612812397,0.997808886347871,0.997863887360075,0.997909811468739,0.99792518038656,0.998017915327172
0.977042526220483,0.982173757422164,0.984284998508157,0.98730663549005,0.988900780476371,0.990518882812496,0.991531937275974,0.992806627950678,0.993840124362121,0.99442765800117,0.995025289451233,0.995300725757711,0.996115460339621,0.996505095350802,0.99673107266636,0.996819214495229,0.996809941975115,0.996873910995028,0.997292589357751,0.997316822180543,0.997561833803579,0.997625906491262,0.997911753043052,0.998023897008262,0.998084656213023,0.99821316388616,0.998260117323647,0.998426460383597,0.998357644913581,0.998437075119358,0.998497098350634,0.998633281803694,0.998636470591851,0.998671721732408,0.998818123767324,0.998839425276319,0.998813708987634,0.999070932453373,0.999013507040307,0.998892598233868
0.97723677730131,0.982732490271899,0.985328330676439,0.987060087284397,0.989060845921542,0.990967679914144,0.992495528790363,0.992830126915219,0.993146087400293,0.993970760887927,0.994152519264121,0.994788810687928,0.995017558111084,0.995377544605054,0.996079285565305,0.996151005380994,0.99658130789965,0.996815585197655,0.997030688818985,0.997388548046697,0.99751017846373,0.997708146089166,0.997685400991738,0.997682158852619,0.997818921736971,0.997897119528646,0.997978274909748,0.998025978446914,0.998021030092348,0.998067558488796,0.998057789087285,0.998130280000387,0.998203649799538,0.998343692165855,0.998437328754171,0.998601791357375,0.998600069164015,0.998606343402733,0.998575634139146,0.998620763817073
0.976705499111697,0.981736665156041,0.985524274875444,0.988832168274243,0.990760439757669,0.991853890930668,0.993040452112044,0.994167681315401,0.994526046852863,0.994628631278289,0.995378447512903,0.995728595777824,0.996102841436531,0.996291773617441,0.996328624890233,0.996700397096379,0.996772664267999,0.996894997392741,0.996834631821462,0.997034572845663,0.996927325466173,0.997092601171229,0.997473328901513,0.99751862857415,0.997550694474314,0.997806312296464,0.997979000189463,0.997991764775579,0.997993876745953,0.998105060293181,0.998177013364893,0.998151426535844,0.998229478270444,0.998301072344174,0.998163410444742,0.998226677603657,0.998133975951953,0.998092755212575,0.998138605545578,0.998245221095669
0.974840916808692,0.98169815018632,0.98495154418652,0.987516341985869,0.98877505032076,0.989688090064647,0.990417412291407,0.991351093889849,0.992326846248287,0.993112586656284,0.99350931159719,0.993802144505817,0.994251665642709,0.994658742345712,0.994944078642682,0.995450859624853,0.99570252039596,0.996010202510104,0.996167798900315,0.996310677486965,0.99641653739367,0.996580522274757,0.996745419303484,0.996780283601032,0.996906496424415,0.997014317225451,0.997208576995786,0.997318734889515,0.997464171164585,0.99759378491953,0.997576455367356,0.997606102507764,0.997783533835496,0.997762398561071,0.997751646772996,0.997698952342835,0.997686978694687,0.997746262812529,0.997728756357674,0.997708313428465
0.978100084693669,0.982594840976885,0.986249996304887,0.989749997500064,0.991546187406214,0.992490445159613,0.99377727923639,0.995223647369792,0.995659224708457,0.995978800645239,0.996541705979903,0.996930625886172,0.997189032351454,0.997332156080276,0.997551299619456,0.997876341312125,0.997808927014773,0.997688587626343,0.997873788054852,0.998119117253226,0.998164438440206,0.998444216105646,0.998504999334438,0.998415636476276,0.998486241145055,0.998743923997513,0.998801598616021,0.998819745317236,0.998857591802245,0.999047500904771,0.99897397485796,0.999020691601499,0.999078194887099,0.999004321419682,0.999139194263008,0.999200244135098,0.999284264258099,0.999315198394117,0.999360839854861,0.999322282005062
0.97524194662074,0.980719894795063,0.984654897809817,0.987631786649211,0.98897434581993,0.990668676461837,0.991302482428271,0.992359977148333,0.993318286814645,0.993900682002576,0.994235154371237,0.994880727283566,0.995186182241592,0.99537116707706,0.995706692120313,0.996179190673554,0.996527953925843,0.996737685740197,0.996956975398389,0.997007086101611,0.996956159116543,0.997271542216919,0.997420649783087,0.997427415588777,0.997479926013542,0.99752138876495,0.997657252652124,0.997706511006585,0.997813676946906,0.997837167012545,0.997847045411367,0.997936237407857,0.998020240031286,0.998124829628556,0.998051197342829,0.998026471564871,0.998048291738916,0.998102036359776,0.998183589992459,0.998240268081707
0.976722184024133,0.981443553514793,0.984331642797798,0.986853635060019,0.989126242369864,0.989822129591873,0.991263705757496,0.992115011624138,0.992328604341725,0.993143058997657,0.993665953978385,0.994079805565801,0.994733445357431,0.995289958132754,0.995524970113384,0.995850340071316,0.996331926938716,0.996753437985112,0.996554248870682,0.996752178909285,0.996907453582255,0.996909623550479,0.997030148462191,0.997192358140082,0.99745581371802,0.997445209706727,0.9975203131314,0.997507792970638,0.997823899748853,0.997858926083638,0.997948718046298,0.997959378618003,0.997941894717585,0.997952455117246,0.997916486311036,0.997845424103032,0.997983541063193,0.997987957231212,0.998099796008362,0.998177813601302
0.970138669076791,0.976306450435607,0.980998492166354,0.983312782160235,0.985586662917547,0.98699751879226,0.987910624308658,0.989449443430875,0.990479817746162,0.991082979500899,0.991455035618736,0.992026996322632,0.992642616509003,0.993206955253496,0.993738218214289,0.994248872221066,0.994684876067589,0.995056923118086,0.995266779303296,0.995376489535159,0.99573867550744,0.995880977052005,0.996157727507906,0.996227034051606,0.996473519251145,0.996677887112361,0.996801131576854,0.997103724293024,0.997203699046713,0.997195964337821,0.997253939899346,0.997267805889921,0.997359483777454,0.997442730141296,0.997498775303624,0.997575424946224,0.997719933531791,0.997802589464801,0.997919351774083,0.997910329180605
0.975776222615378,0.98029050541699,0.983818429979957,0.986270457756332,0.987970588465803,0.989885993030024,0.991252774856806,0.992114857061224,0.992444793557025,0.992773251786224,0.99354343534758,0.993576519317735,0.994047961244248,0.994375596595614,0.994679528818477,0.994975994171808,0.995374154000243,0.995579046590803,0.99575748025871,0.995959388984861,0.996128156605126,0.996410219849421,0.996461905921652,0.996840207299424,0.996869041551042,0.997058514139453,0.997108882850667,0.997379718635708,0.997397305861144,0.997580524489902,0.99775545430631,0.997894163987531,0.997945465153145,0.998020206661593,0.998156286384259,0.998101597655476,0.998085709501746,0.998120320266643,0.998172743814214,0.998267270837231
0.973853959674739,0.981649764209143,0.985183511244737,0.987674214116949,0.989267454157383,0.990415936842545,0.99151132970722,0.992339641503741,0.993588743014675,0.994361811754218,0.9946955768678,0.995097425095403,0.995784603095748,0.996143094231918,0.99636400348931,0.996586743930527,0.996842261643286,0.997206637101048,0.997192116469125,0.99752225646465,0.997612069486301,0.997621047670594,0.99774238207996,0.997713189392027,0.997838735885134,0.998030262162174,0.998215568586386,0.998254033360502,0.998327387071855,0.99826979659604,0.998306881474664,0.998409494499979,0.998438805027803,0.998492621729996,0.998512876649574,0.99853215425901,0.99851752698964,0.998531354513973,0.998509166952466,0.99858060261397
0.974912093066976,0.981336428522047,0.985775834412945,0.987855465255489,0.989435513375588,0.989959129988271,0.991087343043246,0.991720483500211,0.992613173959286,0.993435908664303,0.994120351383364,0.994453606861819,0.994370670648587,0.994962130492442,0.995058689451802,0.995698070079326,0.996006147732272,0.995912099272437,0.996064104396965,0.996007653826747,0.996190871651117,0.996488683052113,0.996626130223706,0.996655711506447,0.996773578269079,0.996724796142185,0.996960629397556,0.997169729226666,0.997245906391415,0.997226058202767,0.997299669580422,0.997366033463966,0.997513372377759,0.997593128276825,0.997610952440409,0.997715165398311,0.997737531732124,0.998004777686696,0.997984017878254,0.998063359334662
0.9803310938696,0.984522862487141,0.987436784224291,0.98964925653855,0.991219784344228,0.992334196793461,0.993102547529678,0.994131935241652,0.994836311464565,0.995105088943618,0.995612664432343,0.996025904477698,0.996220810461354,0.996494265750848,0.996731821698724,0.9965686828178,0.996602493325358,0.996600212598691,0.996817161509997,0.997090428480405,0.997321958273877,0.997386921070749,0.997492944784106,0.997557240997192,0.99774518231498,0.997828574671406,0.997932513845499,0.998084902526321,0.99824053131347,0.998245642936631,0.998329159211873,0.998335942795616,0.998416469595001,0.998479383580969,0.998491793982973,0.998543818418558,0.998569602697732,0.998606299971156,0.998625895624182,0.998537091476563
0.97667105191354,0.981916355136795,0.985021358001598,0.986756978934958,0.988573876676745,0.989856033646338,0.991077661192968,0.991711638706578,0.992478917450313,0.993295578692637,0.993659148811149,0.994218969208649,0.994895935220622,0.995286659440107,0.995570404185489,0.995767480806825,0.995930229697349,0.996057286481301,0.996389815981093,0.996732816683314,0.996610270130288,0.996683131701471,0.996921682351838,0.99689177782596,0.997057014093143,0.997125642213116,0.997328583236152,0.997490032407419,0.997566328481635,0.997718182885397,0.997810068739973,0.997848621370985,0.998004666139007,0.998030694167036,0.998231691475458,0.998299689267956,0.998312261912293,0.998444802834469,0.998606551732237,0.998580882711449
0.973201035631034,0.980103930540696,0.98319036217627,0.985600537182555,0.987018009188903,0.988250903824341,0.989775055029525,0.991098925657693,0.99184409792463,0.992899311454363,0.993823669893734,0.994355270122685,0.994754113867147,0.995187791230792,0.995579815535946,0.996065006653323,0.996130862201374,0.996460751870216,0.9967484260883,0.996715161756004,0.996973242258891,0.99723667397404,0.997396457199331,0.9976376661822,0.997935829420771,0.998096714079888,0.998168682415264,0.998418920092217,0.998443114925744,0.998549181906705,0.998511837606172,0.998443951398854,0.998593340985147,0.998725763629585,0.998800331378722,0.998940813047527,0.999013796996,0.999128496097053,0.999133435689565,0.99913300364311
0.977605482628857,0.982220062619805,0.985928783018001,0.988097820356528,0.989604917134543,0.990524790006924,0.991773498388906,0.992405827946894,0.993208364624243,0.993859262711448,0.994371356276004,0.994806636456321,0.995010306036923,0.995638323338079,0.995781138559489,0.996089949638556,0.99625914000359,0.996420250184783,0.996705657899049,0.996877979734928,0.997066977649496,0.997194241097461,0.997117640368095,0.997433640281808,0.99759979239677,0.997718071367856,0.9978238034606,0.997724699937796,0.997955030594273,0.997972725914117,0.998077453397053,0.998068564395029,0.99815087536267,0.998112718045536,0.998208468691597,0.998247960042617,0.998236725093216,0.998395065475827,0.998461987858051,0.998520254584011
0.976856641355285,0.981453919035907,0.98505522186951,0.98745940014873,0.989522431730169,0.990180026474334,0.991465252325109,0.992915546696183,0.993650364242643,0.994195163364666,0.994729181958635,0.994761856121789,0.994841071457553,0.995348338276806,0.995557741890014,0.995920037108961,0.99609469698304,0.996325710142543,0.996660723805607,0.996798190703234,0.996990115904743,0.997211999855609,0.997338475620066,0.997447125989398,0.997591008927663,0.997598301089493,0.997549950734231,0.997618925576278,0.997718799921387,0.997760552984795,0.997764620723638,0.997765684561159,0.99787086711804,0.997974544704005,0.998144183733375,0.998239414496123,0.998318731313372,0.998312067594082,0.998463087855407,0.99846851335918
0.977945300539451,0.984515236220009,0.987013322443666,0.988958636518244,0.990397951935515,0.991716814444338,0.992418263429114,0.992933837149849,0.99366777746233,0.994295798203853,0.994638004361659,0.994871159339762,0.995169618063002,0.995120910106704,0.995294678844235,0.995527657087814,0.995792965255695,0.99580697217832,0.99600212677002,0.996117875085976,0.996179032746646,0.996281995381498,0.996577462270313,0.996911006752376,0.997164732663937,0.997375103966281,0.997534074043424,0.997545727384764,0.997610516947846,0.997676821621309,0.997684624373105,0.997804661054316,0.997933028993674,0.998085208243033,0.998032869942768,0.998010104637877,0.998069293254511,0.998269432339062,0.998459057835716,0.99836449126283
0.978766368738555,0.982878740116383,0.985084811266512,0.987845594570978,0.990071745672972,0.991794959768515,0.993371912914597,0.993751275420231,0.994543532570538,0.99497794400792,0.99551053281278,0.996004865651921,0.99642348529974,0.996998083957164,0.996900854791864,0.997014794455404,0.997143782975429,0.997645788509323,0.997829021011691,0.998166869048502,0.998231897313054,0.998303868715867,0.998384892496058,0.998462917270118,0.998562053175022,0.998620776716729,0.998798825960893,0.998830678037074,0.99872349220924,0.998702784471128,0.99875020954801,0.998798748813565,0.998835318366054,0.998945221606086,0.999012258418963,0.999111394466107,0.999239483474474,0.99927887108918,0.999246769117771,0.999268034728864
0.976596176266724,0.982065580627058,0.986124648520266,0.988709502126098,0.990892362454185,0.991852963868599,0.993328041374887,0.994446813257966,0.994749295433175,0.99504939362933,0.995657586684926,0.996009080737212,0.996013482299794,0.996293048201741,0.996346859654201,0.996471021626915,0.996739509287939,0.99702492133506,0.997080322209331,0.997220419428796,0.997355698798902,0.997196351430161,0.997293990159796,0.99750291224293,0.997773022381628,0.997801365186396,0.997791566069745,0.997920737708815,0.998109707776336,0.99833340562536,0.998379009738359,0.998448196941004,0.998500815947826,0.998533283306395,0.998522116722498,0.998636396903222,0.998722735577902,0.99866641485671,0.998724224997487,0.998733468236406
0.977477785140717,0.983617319907289,0.987207131951669,0.988757831469074,0.99051904385641,0.992042636519358,0.993118558600598,0.993373668840662,0.994215519219883,0.994700597552222,0.995008887120313,0.99565946760093,0.995728370370537,0.996000830851602,0.996155908886191,0.99638458588659,0.99644346891071,0.996660789994611,0.996813332755768,0.996806575730784,0.996915012215446,0.997089400294054,0.997116168531786,0.997222610789627,0.997345944041349,0.997393220033979,0.997401986526331,0.997306268691598,0.997357178563057,0.997568024954077,0.997778865777602,0.997904904804464,0.997925237336658,0.997988836430983,0.99811644652718,0.998263783375277,0.998318388298038,0.998310547350477,0.998297049665875,0.998290326565025
0.978399490731219,0.983596240922992,0.986771506649517,0.988806753665747,0.990282701831205,0.991479532823043,0.991742500222722,0.992470312376835,0.993130420863017,0.993741243319338,0.994210294842443,0.994249814526947,0.995088630200402,0.995360150483594,0.99564443651149,0.995883022319748,0.996093407333916,0.996100834948583,0.996278114803352,0.996418738503952,0.996624153074441,0.996564989643897,0.996467812865975,0.996479696484862,0.996733598408496,0.996761644997222,0.996875723163822,0.997055891526258,0.997220629020411,0.997265037819572,0.997316029245265,0.997508180818637,0.997530414040259,0.997476714748921,0.997552258838624,0.997678064040892,0.997757719586055,0.997722453298006,0.997766905845278,0.997778766735657
0.974183620721606,0.981847551805644,0.986000387951476,0.988050418272978,0.989425909536241,0.990914871433491,0.991706163847979,0.992833323839226,0.993410630454782,0.994094594592692,0.994646535065552,0.994806700477773,0.994970682765584,0.995290940869934,0.995719430916819,0.995782766053096,0.996044675735113,0.996293902949287,0.99649883366255,0.996665325507619,0.996778003708704,0.996953323567718,0.996940489063276,0.997017546853019,0.99694084260272,0.997065896017,0.997201426957725,0.997225204527624,0.99728176319967,0.997262702331973,0.997254552992604,0.997431512342878,0.997533497421138,0.997565776252213,0.99755100960372,0.997655452337669,0.997647583462078,0.997631731211853,0.997716418157753,0.997754901780536
0.974917397365957,0.982030543401706,0.985992118550921,0.98856564190952,0.989666864641835,0.991210566563495,0.992319527002495,0.993638974563142,0.994098989669702,0.994598335690227,0.995223439863951,0.995613240338909,0.996230411268067,0.996333987579405,0.996355781654525,0.996612264257973,0.996638669560666,0.996702219682905,0.996597285833009,0.996860144486044,0.997209899159454,0.997206291422358,0.99726981063113,0.997286058572603,0.997418439151868,0.997619846635615,0.997758865877019,0.997812702927865,0.997774417934767,0.99786874154768,0.997989662511782,0.99805092166568,0.998106121407543,0.998115484285558,0.998003343676491,0.99798489121211,0.998070740427946,0.998117189561597,0.998235919396412,0.998238130029743
0.975579708511624,0.981183068942048,0.98474525711143,0.987507539822804,0.988794752963701,0.990292628288035,0.991980796295572,0.992892406378196,0.993565244110041,0.993534785670305,0.993724385290296,0.994308838881934,0.994762765515605,0.995447182962827,0.995574828702798,0.996036765045231,0.996373641515579,0.996615371525304,0.996814766646646,0.996932887936397,0.996964188224192,0.997136653058126,0.997277676453119,0.997292678020045,0.997541464492486,0.997565871583498,0.997528531506965,0.997660193749409,0.9979133845206,0.997842361314369,0.99779066112242,0.997950111115118,0.997942915572257,0.998023198812454,0.998010455830051,0.998200687829883,0.998280821343123,0.998327983789695,0.99843791764614,0.998418850497398
0.975007001720326,0.98049297503409,0.983747285215233,0.986757242649236,0.988637101806381,0.989993169840901,0.99177047948996,0.992348113522964,0.992911156357914,0.993316838338284,0.994096343871309,0.994643485615766,0.995020059563335,0.995332089751111,0.995609419959574,0.995693711489264,0.995874728029954,0.99593357045282,0.996189570901325,0.996308079382706,0.996357866924961,0.996662722638327,0.99675947162198,0.996887392105914,0.997166282640811,0.997150120922175,0.997313577729238,0.997297693631897,0.997419004665032,0.997522375924355,0.997365987642157,0.997541348555471,0.997471300983742,0.997603189105855,0.997552396469495,0.997592978623154,0.997587546512436,0.997491418873753,0.997436963668739,0.997654678038058
0.97244049415844,0.978725694935422,0.981972989441403,0.984931099864323,0.986993627846649,0.989151309446091,0.99018087556799,0.991599283316345,0.992433462751254,0.993071225524485,0.993729722855402,0.994086548175495,0.994307070903903,0.994741609965524,0.995085920618167,0.995717067285423,0.995851528082369,0.99623933041789,0.99659480372884,0.99664321416326,0.996560345997334,0.996828019302236,0.996906299960346,0.996988599165528,0.997034843993122,0.997264801011556,0.997346662411441,0.997455799750972,0.997393468290491,0.997375229747607,0.997479135052902,0.997691472529764,0.997668185800082,0.997932088969998,0.997949267158463,0.997936735180685,0.99790585524052,0.997978980482983,0.998158907379439,0.998239908491727
0.978993981038856,0.983938407603632,0.987175038577057,0.988656044627359,0.990639218760376,0.992245265526511,0.993455268503986,0.994178471438,0.994494542519412,0.994566049789834,0.995092751493104,0.995292415164579,0.99564211667001,0.996061333332318,0.996318117928604,0.996654319193415,0.996784862367768,0.997113159887128,0.996951085353221,0.997004249681959,0.997394439506689,0.997655300988405,0.997661897500257,0.997850087039996,0.997975292421469,0.998167966563743,0.998203924221143,0.998170137156241,0.998162321506747,0.998264274236502,0.998371981854459,0.998518716710838,0.998491755611305,0.9985369233537,0.99869996077455,0.998791715830379,0.998871445759821,0.998901824074155,0.998812671443151,0.998876513054545
0.976607954307983,0.981795724701541,0.984484368670266,0.986267525416306,0.989377927216098,0.990237213556432,0.991263416287681,0.992285745518412,0.992868145993964,0.993791149406637,0.994214099357261,0.994483498508307,0.994680678566888,0.995136844155033,0.995431654112076,0.99547143720402,0.995528388030998,0.995842020076296,0.995996195616343,0.996106354213147,0.996232407758358,0.996444494842184,0.996699870146342,0.996696145192894,0.996831392787474,0.996950462616178,0.997121968048626,0.99717054333257,0.997307131882072,0.997478556266806,0.997503229011243,0.997679731112512,0.997758684005194,0.99774452887523,0.997747895772473,0.997786422773814,0.997788285481805,0.997779431501917,0.997776137688115,0.997865177613031
0.975979024744231,0.98266125660292,0.985580140121025,0.98848568762345,0.99054107899089,0.991973413372268,0.993002272011655,0.993583332686243,0.994280362441318,0.995108498704472,0.995630574338626,0.995716764789021,0.995789950454472,0.996008983227911,0.996201801555193,0.996193595386158,0.996755747342791,0.996876858077282,0.997184950518877,0.997380631499921,0.997549490253093,0.997784912918611,0.998018206514429,0.99816129118926,0.998334229274718,0.998224232742633,0.998471055970214,0.998537004931197,0.998605440068905,0.998683288325425,0.998693925219765,0.998683366159372,0.998773702252961,0.998816722478475,0.998699341921384,0.99876058487594,0.998855382815909,0.998848075977574,0.998723901951999,0.998735108828038
0.973932282488474,0.980905716461447,0.984175454711495,0.985993726623617,0.987936746368246,0.989110067668021,0.990608928274594,0.991976612265781,0.992372991791646,0.993341667926908,0.993811091873451,0.994216544495361,0.99478736029718,0.995204024402421,0.9952445335565,0.99554235234535,0.995771082046825,0.995789715114191,0.995870343633053,0.996331679131975,0.996554872916511,0.996762821756355,0.99707051489714,0.997290838233873,0.997353276882044,0.997410107637935,0.99742576352744,0.997543489630425,0.997724632995089,0.997835749682821,0.997887339377961,0.99778844107599,0.99785642832398,0.997965961399531,0.998067730191189,0.998036024890516,0.998206460812142,0.998222361232749,0.9981857956491,0.998304829950162
0.974432325778572,0.981287035612461,0.985246516382296,0.987718522764935,0.989566649942353,0.990312747556249,0.991234108791751,0.992217722193616,0.993204969657487,0.993615521563972,0.994429143736524,0.994427912032271,0.994826875905777,0.995371693885394,0.995840503835206,0.996007482345728,0.99653013924016,0.996715845941681,0.996725627714369,0.996831595156951,0.996917369808289,0.997049226439662,0.997182096221781,0.997268809851095,0.997293545648746,0.99751101413509,0.997574027764522,0.997630564900657,0.997718639037152,0.99767479907087,0.997727967173584,0.997829428264668,0.997987352550954,0.998130959769982,0.998213502119384,0.998253146583217,0.998369922914229,0.998415738783081,0.998468855522517,0.998432902570878
0.973321572504784,0.980278814800502,0.983159588831936,0.98595912875509,0.987276042340608,0.989225163466276,0.990729517784242,0.991080466941083,0.992111682150754,0.992538380896552,0.993449440670045,0.993954071983577,0.994457076866218,0.994518188917304,0.994761510460687,0.994901481551911,0.995264477372026,0.995455405050717,0.995725585053806,0.995967027476551,0.996426813961783,0.996515036243145,0.996597313894809,0.996823757903256,0.996939732677682,0.996892811767257,0.99682273514541,0.997083022191814,0.997124937040867,0.997202823918378,0.99730717739975,0.99736701515775,0.997446550483786,0.997488382779562,0.997447816459517,0.997539044502628,0.997530099222746,0.997497151698458,0.99760747886172,0.997776801399864
0.974664965323995,0.980265986767042,0.9829007971992,0.98584988349446,0.987766725764281,0.989200377068391,0.990609716045659,0.991619395067592,0.992681952397042,0.993639487920604,0.993685777633197,0.9943324051438,0.995023059044905,0.995696776459763,0.995900236821707,0.996181976064048,0.99625610831517,0.996604479885805,0.996755139894833,0.996931490282612,0.997122101302347,0.997132712723093,0.997428038090404,0.997598304709131,0.997729747153422,0.997673116276187,0.997646782995322,0.99783906989318,0.997887726328291,0.997976609610906,0.998014198371395,0.998044794016866,0.99807673888828,0.998083049263961,0.998116605113458,0.99813072303195,0.998172199724227,0.998210447431294,0.998268360371691,0.998257356329295
0.976414121583251,0.98168796978778,0.984378302296119,0.986895196373416,0.989189472535758,0.990756803114837,0.991491040947741,0.992275325755905,0.992845586453884,0.993181857563902,0.99376175100411,0.994130748657018,0.994474720765678,0.994617245154654,0.994785746138381,0.995211752784664,0.995504540015891,0.995935708664339,0.996087732087939,0.996339424140434,0.996331259151519,0.996569261781792,0.996775055234553,0.996873669780402,0.997087985095544,0.997198743435314,0.997163601228187,0.997145572494961,0.997186332281574,0.997237304831791,0.997177372767053,0.997390524921239,0.997444149189674,0.997542368716992,0.997534461551026,0.997606355445438,0.99768132003628,0.997776041114911,0.997830905820414,0.997843711265919
0.975820461844346,0.981750828617835,0.985637466324927,0.988144111719188,0.989934730380725,0.990946731885597,0.99195656626579,0.992287166032805,0.992814395397594,0.993397009807043,0.993995598922566,0.994593120050751,0.994776824207507,0.995077735049658,0.995188381169533,0.995312537619735,0.995952577251904,0.995888097177825,0.996218877545647,0.996342027588685,0.996615160581838,0.996840900993748,0.997172329060656,0.997436539726788,0.997606839599641,0.997864917231134,0.99811550500466,0.998318891277422,0.998219611932296,0.998251882555885,0.998279188104648,0.998309888730852,0.998392477494062,0.998346649899811,0.998403286638895,0.998480979998286,0.998557140630621,0.998510674273028,0.99853346151072,0.998574734202188
0.972729994355248,0.977772563800014,0.982508669811683,0.985934826349324,0.988252234453549,0.989594243653123,0.990253392148747,0.991012269781401,0.99208037525031,0.992777353529379,0.993091188127372,0.993896156827581,0.994458120272663,0.994867050929222,0.995365420146355,0.995790891545772,0.996113559919753,0.996156114470397,0.996276620981633,0.996285691656044,0.99651413729882,0.996614343100512,0.996732534429755,0.996994442070216,0.997106849739722,0.997153381604994,0.997189015454102,0.997161768037432,0.997254883167441,0.997260692869334,0.997364681942523,0.997308218053434,0.997373807120707,0.997425242451993,0.997541978175416,0.997578004970551,0.997587620519046,0.997746525272459,0.997864514057892,0.998031527899741
0.974908228956874,0.980830580368024,0.983422195181467,0.985883247561444,0.98773427590885,0.988932664957788,0.990127043652826,0.99158058842278,0.992565551429388,0.993016662306234,0.993252168025822,0.99396051109348,0.994087251238815,0.994709326725434,0.994862411906797,0.995342719292116,0.995303742407261,0.995540234339584,0.995818273445146,0.996195302366948,0.996111181368995,0.99640926283072,0.996295026531432,0.996568587070905,0.996740039567572,0.996831389162712,0.996897333794652,0.996912104901341,0.997000852440979,0.996967226999674,0.997014081578834,0.997078387214888,0.997147443478042,0.997235383030812,0.997192802833606,0.997279843264376,0.997258071419111,0.997379022400804,0.997367590835428,0.99746468694459
0.976188241503468,0.980934628838845,0.983997100013422,0.987621627467453,0.989178728458567,0.990146375849831,0.992441163897126,0.993063633916328,0.99357317895488,0.994206856511829,0.994850567965073,0.995602626136981,0.995668438166913,0.995719303644905,0.996055819621309,0.996431762735847,0.996792221959828,0.997153353804686,0.997395679505397,0.99738868084684,0.997590113572031,0.997701959362688,0.997708552216468,0.997825031421982,0.998005637664849,0.998078082285393,0.998096001238024,0.99831016954539,0.998451971169422,0.998626306818135,0.998647968473308,0.998676988649916,0.998714805613439,0.998599279123938,0.998453348710551,0.998321708623304,0.998330853915172,0.998355820689364,0.998503598719479,0.998509339220376
0.975299539378726,0.979691873626155,0.98504916833733,0.988577874183863,0.990084655456407,0.991160791665099,0.992375133402142,0.993634071877931,0.994617161906048,0.994821612808999,0.995022087268961,0.995204952958901,0.995680010820959,0.996041291935572,0.996244404717505,0.996629102798896,0.996807077107559,0.997116679813524,0.9972076105549,0.99734005788892,0.997558055847539,0.997687493525042,0.997737527885269,0.99786241378088,0.997847808792848,0.998076293310924,0.998169228416299,0.99831807118435,0.998429289633715,0.998527762169132,0.998551732279307,0.998535524424157,0.998528196102216,0.998491488718627,0.998587024287864,0.998703375536906,0.998752561998678,0.998783240170262,0.998887859339577,0.99893333128097
0.974089188606639,0.980793267645012,0.984633566045191,0.988280182582026,0.990875937918011,0.991584395242432,0.992314447130789,0.992905346069337,0.993451983126823,0.994155520132638,0.994748297457742,0.995027161097102,0.995471832197029,0.995910187319054,0.99640447097944,0.996808930524596,0.997048867265207,0.997311973612454,0.997211530329913,0.997419409747657,0.997602127386525,0.997550556712957,0.997548338004273,0.997711705094127,0.997558018701384,0.997618239265658,0.997733866658973,0.997808177203693,0.997756822511091,0.997710005386435,0.997839564435753,0.997733444715506,0.997849284525379,0.997874879640728,0.997857486634178,0.997886071196059,0.998068806678301,0.998064311971386,0.998089093411558,0.998146872771942
0.973794308994095,0.98055105791274,0.983877785059672,0.986331269495549,0.987643907269374,0.989551895878656,0.990904848624403,0.992257396290486,0.993232230013959,0.994179981695536,0.994737006695897,0.995257980959269,0.995383476270391,0.995713074583864,0.996128938761292,0.996120545529661,0.99621202855789,0.996369528036615,0.996469885447863,0.99665783547815,0.996840091436846,0.996942862056999,0.997081479296808,0.997309594449786,0.997498986975447,0.997540310532007,0.997661607732214,0.99773860433375,0.997816678150498,0.997772280772977,0.99786411743005,0.997984701280645,0.998065464103708,0.99815065918128,0.998193512013407,0.998240442876059,0.99821785025864,0.9981710848853,0.998205606481776,0.99827419150546
0.977041835726353,0.983504937358779,0.987244760447109,0.989419109358973,0.990156268869469,0.991047695174123,0.991651043365036,0.992350570056503,0.992903105023671,0.993764243141115,0.994773042866607,0.995239407303946,0.995582089543007,0.996127916289793,0.996255450991078,0.996412039668213,0.996668321288769,0.996727313777692,0.996777989345641,0.996862189550435,0.997043984402332,0.997004551303173,0.997239379277024,0.997344317248651,0.997564527829981,0.997628880093638,0.99757910942471,0.997745038947305,0.997814985615259,0.997814947787964,0.997811960264249,0.997943336954379,0.997997571791275,0.99803482926491,0.998037346333117,0.998016162156857,0.998042207829364,0.998133924434645,0.998226777691436,0.998232497644745
0.973229146472138,0.979384170088184,0.982741316277245,0.986282089425984,0.987998469454726,0.989813219829622,0.990893947745652,0.991740220586834,0.992288929059723,0.993226903303939,0.993280353448586,0.993845633033313,0.994243364328213,0.994854025725528,0.995099818963179,0.995321357530223,0.995687821639213,0.99591695993478,0.996157552952743,0.996444527531403,0.996307313050484,0.996435749516508,0.996615599191077,0.996820671187625,0.997140229668128,0.997316688438685,0.997543076701192,0.997616324816146,0.997718063763344,0.997789325750937,0.997871753215205,0.997925757828065,0.998018242366918,0.998077262903875,0.998098258941581,0.998234687514749,0.998282840129943,0.998208167533911,0.998296050876184,0.998350139493058
0.975979754799926,0.980915312408489,0.984926487715822,0.987110546912369,0.989286645119316,0.990706908867694,0.99156429790371,0.992445964877624,0.993462410203968,0.993935880293823,0.994596212979691,0.995073439288723,0.995599853848056,0.995782368778867,0.99587205368679,0.995889751811674,0.996213739980668,0.996197871156082,0.996324211673094,0.996627315497871,0.996872180671267,0.997003707663937,0.997061882551376,0.997219911460662,0.997449150724564,0.997668319032757,0.997582632516516,0.99780599195662,0.99781199420941,0.997860285970025,0.997883274655393,0.998012090777408,0.997961581071636,0.998177684122107,0.998255353417463,0.99823836520384,0.998361892665174,0.998422832022683,0.998471121896234,0.998530312986285
0.9744195857299,0.979917438992873,0.98437076025511,0.986767562275837,0.989134691375897,0.990584404809655,0.991751651991138,0.993061891686098,0.993780755414358,0.994522847823007,0.99493048185587,0.99560503685504,0.996043713286875,0.996008678680439,0.99627967275319,0.99643973775676,0.996749294400237,0.997097672326586,0.99706113160915,0.997226712754103,0.997222710613988,0.997207885946665,0.997305455628918,0.997421647610646,0.997597823197719,0.997716240302537,0.997920653547047,0.997835397618121,0.997972069797594,0.997918372213834,0.997864348579384,0.997919129206028,0.997963231749282,0.997904155468686,0.997924966877788,0.997999637500941,0.998066586699561,0.997955413387711,0.997987053851086,0.998156832761231
0.976847829781394,0.982360599852207,0.985091980653937,0.987275075942816,0.989490312613652,0.990883979572738,0.991434268467077,0.991696198798875,0.992269814315268,0.993100578002798,0.99358950147118,0.993819120689683,0.994755891780862,0.995034656641915,0.995116577118669,0.9954672607567,0.995696352785146,0.996172249336376,0.996502602025181,0.996595210174019,0.996772125283648,0.996804730151932,0.996767311266519,0.996821511724952,0.996869108405302,0.99699605290851,0.996961733391634,0.997179735698744,0.997373114760333,0.997562768161851,0.997690026299282,0.997743309286805,0.997819533862565,0.997870527663056,0.997858477403466,0.997969997944908,0.998122014648383,0.998250827784063,0.998325375651153,0.998366287787941
0.975858535098317,0.981572513053523,0.984856120532656,0.98708953545762,0.988354208728468,0.990041744131488,0.991382386147107,0.992575037871235,0.993562276142095,0.993846848421221,0.994082503684872,0.994673296673631,0.994933561767429,0.995500006241867,0.995873407784806,0.995839910532152,0.995904886479322,0.996281248803124,0.996494599915064,0.996643943391894,0.996770283449715,0.996855975548886,0.997042841025584,0.997418536936759,0.997478172561518,0.99768000532382,0.997702559774543,0.997909914754503,0.997922558223867,0.997941224346275,0.997890909864949,0.99814848032932,0.998264472388781,0.998342907047474,0.998355129262854,0.998352706986825,0.998544674533625,0.99851781005623,0.998589208169161,0.998514186979885
0.976553008462601,0.983404988376595,0.986826885074816,0.989206364907131,0.990643862031623,0.991910407921241,0.992488292334835,0.993387392792502,0.994310130747733,0.994865886490863,0.995227747276547,0.995332228868998,0.996112293598518,0.996474291935066,0.996618474888921,0.996957008002244,0.997046266732332,0.997122182311295,0.996937016459196,0.997180000922539,0.997188625151255,0.997286155568574,0.997615633384258,0.997744977321326,0.997855374442474,0.998007515429168,0.998027272450471,0.997959543026928,0.998095073446554,0.998099041626129,0.998066608325018,0.998247694008847,0.998358624708237,0.998527956549465,0.99849720036387,0.998518445144911,0.998563128558152,0.998497279781721,0.998495261424217,0.998361756788427
0.97466196516807,0.979889567516691,0.984129109586181,0.986197420674441,0.988295950041552,0.989516697849226,0.99109899274309,0.992570072876163,0.993253181362157,0.993861005997783,0.994465937889648,0.9948476101928,0.995734781093383,0.995835435105584,0.996187619089487,0.996688880516175,0.996916428953668,0.997044320813234,0.997159508305809,0.997294727314741,0.997440502498029,0.997415391055987,0.997327226952073,0.997443487450752,0.997532362904025,0.997675551619967,0.997812332077558,0.997709346144324,0.997812778035328,0.997857787842899,0.99789711137496,0.998040003344546,0.998185989317591,0.998247406072899,0.998392397623664,0.998583582872473,0.998634934493522,0.998697903146486,0.998785929915388,0.998845344848713
0.976704393554571,0.981974058888269,0.985847206777522,0.987796805181433,0.989632732858677,0.991603657294687,0.992990680614623,0.993682736105832,0.994366337053692,0.994864100574543,0.99483141742699,0.995381630549239,0.995497339765673,0.995590763855806,0.9958704986504,0.996489538891351,0.99674342612585,0.996930355615512,0.997243149254433,0.9972550484947,0.997331027886362,0.997499123867242,0.997791579259745,0.997760474388213,0.997851229728893,0.997980488275063,0.998036839240216,0.99805503738962,0.997876814819406,0.997906862163524,0.998026572531712,0.998174675783198,0.998267686028894,0.998357964068286,0.998295252182949,0.998482628547237,0.998528072502005,0.998501906538481,0.998710290050246,0.99873688165952
