"X2","X3","X4","X5","X6","X7","X8","X9","X10","X11","X12","X13","X14","X15","X16","X17","X18","X19","X20","X21","X22","X23","X24","X25","X26","X27","X28","X29","X30","X31","X32","X33","X34","X35","X36","X37","X38","X39","X40","X41"
3.28148398181963,4.27983365803536,5.16826407184706,6.71448551311537,7.92691406383037,9.00563946930872,9.39052340022117,10.5186013427911,11.8939786511395,12.7148637888114,13.456891065637,13.7551709649102,14.5000481831596,15.5257946391506,16.0187420180914,16.8075261923421,17.6326696852846,18.8379060160904,19.6390259844847,20.5109528617221,21.2145716756462,22.3432115944216,23.0757631253866,24.0490548232642,24.391735753516,24.8900143522768,25.5958583713804,26.434146293547,27.1140441921904,27.9479406030488,28.4716033408533,28.8141277930009,29.9238097003296,30.3222574161887,31.4715114684251,32.8345557399135,33.1503643268371,33.5783492906443,34.7403726982798,35.1874275561836
3.0962487568369,3.96898179169188,5.19950729444961,6.11852542027491,7.37028342810441,8.34477796276854,9.62181817895545,10.3059958798125,11.1681247004916,12.3600932511976,13.0587202186797,13.3683442062974,13.8708016988076,14.6253597902148,15.2845822234759,16.3026107775842,17.1902186803994,17.7874687911166,18.991259745217,20.0485106603809,21.2810457251918,22.242644433808,23.3969855022025,23.8562751718166,24.5467964085768,25.9939429000719,26.9836508998547,28.0129466271223,29.3709360072146,29.6878077102916,30.1323779487706,31.0480637577965,32.0960252844929,32.2808308191526,32.264909431633,33.0414975816096,33.4654658231808,34.0961189542145,35.0226472772334,35.5200783108173
3.33351662098642,4.72189258032654,5.80099724842056,6.96286779809426,8.34162536585622,9.58749812861269,10.5732750650352,11.8668035595817,12.9576448361933,13.7009746358135,14.6078973696782,15.1853146748482,16.1013663166371,17.1787647525452,17.9651693925744,18.457845277738,18.9128839005506,20.0407573832944,21.1317187910333,22.0608697496071,23.1396322601128,23.7460488805689,24.8204556349727,26.6293779543755,27.4978469316887,28.531761672904,29.8349943279556,30.5968321129532,30.9221925320086,32.1946058282293,33.7635522362446,34.0084017855842,34.5967935346244,35.1001510786242,36.2261837358529,36.888736810981,37.4339701715478,37.6659173169576,38.285059480831,39.0617952702853
3.54914855982637,4.22408718862235,5.28683245830944,6.35253172979256,7.46813675895089,8.61258483039055,9.76764257641101,10.9643892142927,12.2584881850464,13.1074238891568,14.2562971272634,14.648831413127,15.4207159716104,16.6104458502265,17.4313094670513,18.0651322529745,19.4314799003075,19.9659865330926,20.7231259071878,21.6419716142859,22.4873975389008,23.922025235399,24.6869931885008,25.3262616181967,26.463907411121,26.8901155541955,27.7116557217964,28.4936527270809,29.3529673384358,29.6795474383273,30.493148657819,31.51653867215,32.2328133294615,32.7531886724165,33.5500592440777,34.2349358468768,35.8403399229007,37.0507758169307,38.6987564033817,39.3357389720435
3.47680853787263,4.5882824223603,5.93603471773058,6.61933558332084,7.48535954472671,8.86016153615924,10.3471956637868,10.8773937468658,11.0367562094108,12.2275929805169,13.4724344037892,14.1497405532443,14.5704587344609,15.5289658514908,16.2834707661879,17.0481711226579,17.5347792369515,18.2641266079314,19.0167291626777,19.9303923489672,20.4998328554368,21.2019052591177,21.6164537673327,22.8225073657921,23.1163047792481,23.8975486051042,24.5479249077044,24.8995283328031,25.6184024213335,25.9214422129805,27.4422837271974,28.7636523534715,28.8775346929667,29.5445006827702,30.037176776064,31.0197997861419,32.1408077766503,32.7542641811308,33.173872199751,33.0470563438299
3.80619731805312,4.61369625261808,5.84667178719792,6.80515427633958,7.70192328296057,9.07147926943602,10.6389768941971,10.8012341510361,12.1186824571172,12.6965209291047,13.7474192117125,14.54100954449,15.5117337989926,16.5802287131303,17.5363290991408,18.5775048263773,19.1267779766299,19.7250649150132,20.5317813383487,21.6164885885219,22.3140935413216,23.2676860934331,23.7691262633038,24.9845107766635,24.8933981592807,25.6353323658318,25.739962496847,26.9146925172712,27.7377026633653,28.9989370013759,29.804363993103,30.188429766285,31.2345564944102,32.33935232777,32.7946297047921,33.4189440478597,34.5071598188744,35.2097109573249,36.5616707001265,36.803228426224
2.77847896324515,3.46609445196421,3.95607798130536,5.02362648972601,6.21436219163798,6.56956191690771,7.49480259726867,8.77125174847865,8.96220476397614,9.70103771638428,10.8050082848193,12.139458426124,13.4779400764363,14.1900976148257,15.2067782130339,16.4367582499259,17.0268252002668,18.1337664848779,18.4949935488391,19.0663712835869,19.9806868542994,21.2268799430571,22.0934256150012,23.2027860134145,24.3202408613953,25.3273946336661,26.0811675603922,26.7175767945856,27.7788524992202,28.444097404896,28.6131945620204,29.1336032263686,30.4834348302428,31.3117879702741,32.0178541895405,32.7188560220466,33.5675579897342,34.5720450842945,35.478048801691,36.4749740682106
3.51180536626718,4.2611429489456,4.87215776989024,5.49255979733632,6.30373185754167,7.38565452232608,8.3726707178159,9.39247257884927,9.93391681424021,10.5531644788942,11.4032963250522,12.7806089744627,13.7823628972206,14.8781467785499,15.9989354457683,16.8895472183562,18.293722602601,19.7880765754869,21.0710330724537,20.9364614418263,21.4264987640553,22.2669422528573,22.8016095967506,23.2297417803872,24.267032751928,24.86650018944,25.896320501125,26.5926403500979,27.310998625836,28.1000975626215,28.8863698268608,29.4676739088735,30.1957014921688,31.188874079899,31.6465745937783,32.2576494492224,32.59116877064,33.6936253608338,34.6954628271381,35.2191462468828
2.56897537970271,3.50164654077664,4.2784899762669,5.32677874970532,5.96358433896991,7.1424359840353,8.16683579368438,8.83101854279126,9.6102906947628,11.0228572848134,12.3858933494372,13.4728721121167,14.1943158799685,14.5814854301097,15.2925524000369,16.3285068301212,17.2397473981022,18.2388457541826,18.8016674764329,19.6475173464884,20.389238284508,21.1529945080752,22.33345952614,23.6322098257119,25.132706062527,26.1489592697572,26.5402378231716,27.6383731438546,28.5657685207704,29.5800778651103,29.7248920238637,30.5184754415012,31.8260470296483,31.9800665294053,32.6955342691456,33.3952814082282,34.5671977350245,35.3572152770606,35.9520403751307,36.4226338948055
3.44403508562614,4.59978517945025,5.05847726135804,5.76660006186963,6.1922558009622,6.95192386228261,7.88750988389336,8.51173018557981,9.31175046592007,10.6458060172302,11.6722321988423,13.0730483674357,14.0095942286137,14.986400907931,16.7533627164156,18.0944862912329,19.1185068029853,19.6828769231742,20.6636587307808,21.2525969604798,21.9879160371594,22.7939824044742,24.6114534027472,26.1264764901407,27.7622372203879,29.0801206335775,29.7900479101099,31.151940829317,31.6659347008988,32.2250704275629,32.5984926290442,33.5373413675209,34.5043980737551,35.2312940917748,36.0491114325253,36.2211230440814,36.9318013614119,37.8516172138605,38.7737477433818,39.6987146365725
2.61195669642909,3.40218785911407,4.12882333494203,5.53646028214077,6.08234867585476,6.74675964776112,7.80479392235993,8.56460797166876,9.38838511915867,10.8687449668539,11.6664445833635,12.7481952268301,13.409114994466,14.3107509818897,15.0611007587298,15.8418678083632,16.0025608698844,16.9633504830338,17.8645280272786,18.9262418831956,19.2368725897663,20.4239292761392,21.4814615928062,22.5592032675651,23.385981627491,24.2359704502357,24.6111284781432,25.5679959799535,25.6517883294171,27.3478183109655,28.0203187845356,28.5750151472079,29.2573623412851,29.9712535901933,29.862283885115,30.8465650026687,32.523341758453,33.3822875131455,34.0861392508395,34.5760322052949
3.31741102253202,4.11566323163692,5.57721626221486,6.13196828120191,7.25888476098052,7.83004909090395,9.27902520747216,10.4326769963556,11.9419871957494,12.8821331727031,13.792665552345,15.0743091589816,16.0674839548573,16.2757490266489,17.4186369041495,18.5664337053681,19.2115864616533,20.557098176166,20.9614191402955,22.0447898894647,22.8571217444138,23.5341173753926,24.2330790975575,25.0319537166248,25.5911863111112,26.0200142622938,27.4616365864381,28.5370764202539,30.205269712165,31.0089521769031,32.3656020953496,33.4934793123031,34.3393105408991,34.6440371737605,34.8706535295355,35.3948674825459,35.6170191175848,36.4180802480356,36.8627971097303,37.637862188696
3.61659601042558,4.16842263488615,4.97421156112868,6.32221270621657,6.7927056442072,7.49425010437169,8.83692885643111,10.2209933606379,11.7691402241516,12.8794238133437,13.7345573590965,15.1024959311414,16.3376705318008,16.9194453759907,18.194098954195,18.8619236944713,19.9754206877293,20.9239526872315,21.6308593334599,22.2288345649004,22.7628293922562,24.0246912432243,25.1076554920277,25.8979309899784,26.2899879130062,27.0491437282898,28.0219861294014,29.0389688636361,29.9359918910217,31.1890237877119,31.9681634789967,33.0652781930868,33.9085186069977,34.4954557042755,34.9368283880926,35.7052164902066,36.8309984655535,37.4074077955269,38.4627464015574,39.0935491674515
2.92807134213356,3.86128944588901,4.92726209660511,5.70073653456988,6.7445947999804,7.96727909649898,8.8448839189334,9.44266605027938,9.77478117545276,10.568956972419,10.9645608871013,10.9534869078116,12.084106015256,12.5947969039172,13.3175461374881,13.8773848427731,14.2177545407462,14.8779328003429,16.1024192335108,17.241080667327,17.7754042495114,18.2424798441365,18.457614456541,19.0845426514372,19.7206266447761,20.5507888068553,20.9714754623216,22.0136595685909,22.9631983880229,24.0812816665665,24.7690192007282,25.2781268115972,25.6296000430101,26.1247795612313,27.080874421241,27.9393119249312,28.7238695290838,29.7768305950756,29.8012256024592,30.5794596666559
3.54619837748827,4.60586879860937,5.27179860076505,6.75965217092986,7.96597382612061,8.53107095918749,9.22252098157757,9.65098927812442,10.8984275495365,11.3827059218496,12.146811265764,13.3251143545977,14.6549364212469,15.3572049367081,15.9230287583768,16.2585525778434,17.3302678483919,17.9292371681674,18.5140642600592,19.7876787948498,20.6184044958195,20.8241314884135,21.91319996414,22.6456660329912,22.6616901583281,22.6533001627946,23.235479156281,24.3136960553113,25.5275231618265,26.241603662889,27.3758493160734,27.9802034698683,28.0770980957451,30.008359947922,31.6329960731824,32.7651794607246,33.5743174091648,33.9636235504879,34.7939736496583,35.1190433743604
3.77755697269467,4.26663141340739,5.0158029988045,5.62813943693364,6.3694307925547,6.84496740823729,7.86645977886832,9.16836219773439,9.60688774373187,10.536121008255,10.6778012945249,11.6685478482138,12.3635591564891,13.1810960802498,14.101768542386,14.7622990864118,15.4713319864644,16.4784573545012,17.6678502448157,18.4261330221704,19.1232348482968,19.5206874071159,19.9278095703475,20.1339480218057,21.0072776554271,22.1375789054669,22.507292728384,23.5592339703518,24.3628254811894,24.8364500333032,25.4350057019419,25.8997851202599,27.1291072175777,28.2698191344995,28.6604061017832,29.3700209485855,30.4888211292271,30.85796680464,31.3517480304482,31.9353203472318
3.81157083631335,4.93407095594207,5.98796370499276,7.87730015875366,8.59871832104506,9.71549463247129,10.8897835389367,11.740337138498,12.9405265789132,14.125153039971,15.3413148150919,16.1895075840313,17.277009634351,18.2089741696295,19.0054924759313,20.8134884139824,21.7425804887616,22.5005667058759,22.8867425172444,23.9948890864748,25.2303384253609,25.9819911338681,27.1264290818297,27.7190466959075,28.3353207850546,29.8021485362783,30.5643435131449,31.3568661032388,31.4619185217226,32.5709282530508,34.1723742779755,34.7858785083699,35.5119565040808,37.3516163019334,38.4325110978158,38.841139492618,39.3489372875481,39.6913689536653,40.7025015416063,41.1536188852357
3.33622849246398,4.00670464934824,4.97524852308355,6.21782273003832,7.39990794405999,7.98929344274649,9.0489821167531,9.93853332921766,10.8005206495522,12.2458118207401,13.0151577275308,13.5226428681488,14.1094886698657,14.768058984111,16.0016403806173,16.8671651487993,17.8987681962781,18.3314426482287,18.6405257118547,20.0268435775533,21.100189772364,21.9137346499109,23.0856610480851,23.8924452058434,24.2402424580833,24.8280248461004,25.0864590878506,25.4354080431451,26.0121135284918,26.379522415473,27.0749582268719,28.2353198126136,28.5511067775641,28.7699563580772,30.0437521505886,31.0873305638791,31.9912155464312,32.6765546183957,33.5226630960902,34.178958034106
3.64873963038982,4.81887755757937,5.7502431977869,7.02692353836329,8.48133894386519,9.55360367444832,10.8922754589344,11.4859302285266,12.1033186750997,13.3673761674863,14.3881217557057,16.1983338919524,16.977947326856,17.8721028219028,18.142278372827,19.8888291255014,20.9601530979925,21.7701300651021,22.673567267751,23.9823758561042,24.5301498274906,25.3646400524376,26.2018644865046,26.8383362776575,27.2512121914134,28.3792168266222,29.4240378762319,30.3285763652678,30.9015796492342,32.0000560384188,32.5723639694535,33.957821310884,34.7102330523597,35.3147980989113,36.3542661462374,37.2205738263259,37.9186490087801,38.9652046319729,39.8461248919068,40.8142877746953
3.50939838233405,4.66549579264651,5.63431887710917,6.39561027603313,7.67764550312867,8.78395988001373,9.65444563361871,10.7089968267524,11.7552050235922,12.6225678768482,13.1431166706387,13.573760111563,14.4967763607484,15.9704646507388,17.6693478672943,18.3653779840235,19.1654787210041,20.3543755444196,20.8706746800689,21.6501492968947,22.3682692494399,23.5489682708531,24.1426949640128,24.5129982424155,24.9763586889107,25.9471087186086,26.9311553548807,27.8288724502544,28.0376793155477,29.0550404503726,29.9534079637271,30.6935039038517,31.5243667948,32.4126340938564,32.7508211638737,33.4872236019081,34.2672333290663,34.9371954710664,35.3107317098135,36.1706837143369
2.60967246516972,3.50270463569344,4.21035429075079,4.93218435385653,5.72854988342974,6.64228516000748,7.2309608284203,8.32165006549824,9.95653122673433,11.0892894360425,11.94491011526,13.3057107816987,14.5021585786648,15.9748799225158,16.5627229783375,17.5488792634368,18.5613710503473,20.1039743300035,20.802810996139,21.0419755211832,21.6283480856646,22.4272781416947,23.1608405166599,24.2839952184571,25.2642814787217,25.7184424301239,26.171326740755,27.2014462750928,28.3367485353647,29.0638341293045,29.3051312998432,30.0230001281529,31.1266169209856,32.6274667412452,33.40241186008,34.4986882241121,35.2275215346819,36.2719274581928,37.157072946975,39.0477864619638
3.72423192459048,4.66789657230802,5.2485749042763,6.23963317027991,6.91886942440373,8.00422026964516,9.49498208030112,11.2365664838697,12.4306893226054,13.4107343273468,14.5292576021772,15.4425426809495,16.3240782746018,17.8216563285484,18.5063524639507,19.8073928172081,20.583157038477,21.5187516250806,21.8372504394103,22.6062178251162,23.4006157016051,24.4869485871117,25.7751674355858,26.7734958423784,27.8045454316083,28.2271586474339,28.9024990462879,29.2093689909409,30.6196755667187,31.0508331236602,32.3680763807021,33.3619504552386,33.3832301770344,34.1890296471406,34.9185461235489,36.5312665977284,36.9303183514335,37.7517977723929,38.2102086010125,39.1503812575352
3.31725255413032,4.4650513279325,5.41556896403901,6.43544178464308,7.34642051134128,8.22050052240232,8.52772763901187,8.82711149530518,9.8322420619236,10.7133486896547,11.6104413016826,12.080659389277,13.2276652191062,14.4332385056734,15.2754273616021,16.0972966758233,16.9373133734873,17.6381894914004,18.9188069522682,19.8968070680691,20.9352511966152,21.6340697729976,22.0800934760835,23.3376917479458,24.3716857530332,25.0477185998558,25.5001667735403,26.4238134945901,27.469064652665,28.3049572502767,29.825890015844,30.2831256489069,31.2543572856846,32.5101716257134,32.7617474848492,33.2310454869479,33.9914814887752,34.4908871120492,35.5621676825751,36.32343983844
3.89154269165948,5.12429926718124,6.12791053416349,7.01948983426147,7.91284334044386,9.01062347982708,9.64777255320241,10.7737450071117,12.2909264371611,13.1656208617648,13.9025375270181,15.4588200111413,16.5300253942557,17.9640646689096,18.3985086571019,19.5182591294272,20.3046094128538,20.7392266311263,22.3407890812916,23.1058315584596,24.2140502515947,25.5647808893946,26.7264151450079,27.5692778280667,27.8992959137037,28.8344943928797,28.7635715973248,30.2028230118247,31.4753216175118,32.1611178650817,32.7776880416964,32.9528624994517,33.0121412622271,33.8978488086037,35.0431479460489,36.3050936205981,37.1343182512146,37.7756922873172,37.8630268031678,39.1801107484179
3.58518766328161,4.2605836108908,5.20257198287774,6.1551542009296,7.22047469630815,7.57763884644625,8.4936129341067,9.38413503078658,10.4322257475371,11.9752508047978,13.0388531355047,13.7010242312708,14.3756508050518,14.8888309159331,15.549968126572,16.2496495086754,16.7625430204073,17.8963699687563,18.9201068378267,19.6051329645631,19.8335137792642,21.5230532779541,23.1770253440928,24.090542691267,24.9324076826627,25.4347454802442,26.0924627147651,26.5806682644717,27.4769240045308,27.7900912340003,28.6976728192187,29.7408388155004,29.7780032641623,30.1455665516934,30.6581962642393,31.5603919754986,32.2948962890382,33.0972017995149,34.1700636263364,35.0732146596055
3.27416205862464,4.24421311858535,5.33172661585648,6.34510401352976,7.21818024059715,8.18710299570037,9.15789469826826,10.4241329666123,11.5113739717506,13.0597551163006,14.0242975791013,15.2050887625316,16.0776052234385,17.6777497216934,18.0495746783861,18.5245449597042,19.685196275706,20.8249206576698,21.9468404108474,22.9012592917657,23.4370545708139,23.6355290141566,25.580286029273,26.8372544529699,27.949451850398,28.7690084769332,29.850440987943,30.7964397175842,32.0257541735803,32.9678773223938,33.6499534535171,34.5159745449568,34.1772533431282,35.2828889069825,36.2025411629893,36.7557432007255,36.6024783429606,37.7126415825816,38.6230759946932,38.7499723124871
2.72469704854422,3.27330949991396,4.18221239252729,5.10665228290229,6.03936653375618,7.02413030040383,7.63363144391179,8.28253605329646,8.6947383649499,10.0063582776228,11.1568737039687,12.5349645748206,13.0297367070994,13.4319161151209,14.7990262844733,15.9014871293577,16.4999033132961,17.5452868722318,18.0681633197041,18.1785465831493,19.2256119077653,20.2576808713229,20.3996117728923,21.429211966583,21.921275366184,22.866026188942,23.610773727956,24.7739077599004,25.1704945833957,25.7246873948694,26.5803839487071,27.5908621732498,28.6722508060272,28.83549071843,29.1424503642135,30.9711461484082,31.7873574885741,32.7074528619719,33.7329934871747,34.8416226230857
3.4963883349641,4.36761300812904,5.24331616942249,5.82415614310997,6.62883788152206,7.85303670224171,8.83608390652762,10.0995544645818,11.0405914546913,11.6242747368671,12.3353325575808,12.9138727437637,13.6281991365817,14.788274807401,15.3781599539017,15.7514410932118,16.7119407139011,17.269244303195,18.7798584202059,19.745033719611,20.3771112780166,20.9389431208222,21.5755458353084,23.0285758043798,23.8727380754177,24.2669214456503,24.8637068695759,25.6037582496338,25.9401112138954,26.321998467829,27.4023867247034,28.3108118566131,28.8344132572757,30.0431161165134,30.68058526367,31.1384330776606,32.0535758122299,32.3364533313352,33.0761394429755,33.6011851567118
2.91853541787935,3.89868752749516,4.621020983861,5.41155776228889,6.16901082427255,7.05723682046712,8.1255523752999,8.99457468735239,10.180648118449,11.0479386098698,12.0321187028607,13.0985368540917,14.0017330583907,14.4388896460738,15.3832124410604,16.0848186292239,17.4790378052736,18.755174487183,18.9827964834505,20.2444577482436,21.5258280877474,21.9585005540287,22.6226275659431,22.526040443075,23.0881671634494,23.4997687556818,25.351195240407,26.9918097865131,27.9413610822684,28.6384220999442,29.7877972482556,30.4040720898429,31.5604044627181,32.3289189050284,33.9552616080489,35.1951156041416,35.5072619112539,35.6898235319387,35.9022344034873,36.5159171385778
3.06009040779765,3.82799078538482,4.84095281210718,6.08953758863046,7.43406518106148,8.28800228641787,9.12449133656016,10.4911375347991,11.7912470438204,12.4884084821472,12.864333784422,13.5350182000214,14.327238349608,14.8630375622842,15.054141966139,16.0301539123214,16.7904189605725,17.9031148374699,18.5046590595782,19.442750984064,20.4753101236666,20.7232810063805,21.6203612407818,22.7556995910326,22.8134840189598,23.2122548728518,23.8720758700607,24.6066224108893,25.8022918014051,26.8727867538769,27.8100701251944,28.2417907331434,28.6376994621434,29.4978058482633,29.8830881147575,30.6124683350233,31.5853796166913,32.8821297651667,33.3194865452565,33.7350024858677
3.72335822089146,4.84156651912788,6.00450267225568,7.07439400509886,8.0794231629046,8.3506830179222,9.18621368977468,9.93157220732401,10.7150816135349,11.2469330328654,12.9323404771174,13.5807465552247,14.9634296703373,15.7582937653033,17.3474735874651,18.3756438711637,19.5791124860601,20.4704448487571,21.2138079683005,22.1367137886486,22.5767554380018,23.2590649524638,23.6639532420406,24.3143983249031,24.7819398836317,24.8640460095338,25.6902517417838,26.0776678584086,26.7819564965835,27.4497936488616,28.3900912068746,29.1890173342501,30.1188647299759,31.2949819979534,31.6312734857353,32.1397367752946,33.7517295022493,33.9307838066439,34.1472392005874,34.8958402388369
4.06090049064004,4.77722950365743,6.0202440521675,6.48987778919127,7.43058675962918,8.48164644965461,9.05804068020674,9.42764523078984,10.0647561795529,10.8072394169451,11.71587073767,12.6340433196802,13.2675661251671,14.6778285545881,15.5880469973899,16.467713609511,17.5341363712496,17.9297086326155,18.622542784654,19.4216288713612,20.2788879111743,21.092517837523,22.0730217354433,22.9587108617881,23.7351499836612,24.5898546898396,25.5371025369146,26.0216831447551,26.9849746915248,27.7418313132357,28.9482724520986,30.4748031533874,31.3000925593941,31.7093056040296,32.6492330072186,33.7369020252579,34.5390542704993,34.988795845659,35.3948024060206,36.0733352960269
3.03638441954432,3.60943690682473,4.36388766890579,5.18510626450228,5.92327241930774,6.79349950590668,7.47874064748058,8.74744384177582,9.78012151332976,10.3795564406662,12.0973703551706,13.3374565344828,14.2125357911426,15.4969776373535,16.8913080088311,17.7870269927111,18.6464856504437,19.2906218386898,20.1225163561705,20.4323408972986,21.2146364177669,22.0790767570358,22.6404434186937,23.7223911000481,24.4491949836417,25.3279397578245,26.1732704004126,26.5709563893268,27.9638584699881,28.5386887259341,29.1198118506383,29.4608305020992,30.4059376568594,31.2490668707678,32.0204626231896,32.3328830755402,32.3061712140247,32.5099564027961,33.2520289086476,33.9899234338005
4.41409097459185,5.5744956142339,6.54224563861376,7.40760443179919,8.41036181463283,9.17613206221965,10.4939439379085,11.8047963463485,12.975059077876,14.0914504623893,15.3049860337452,15.8612334891115,16.7090663445115,17.4594100337734,18.1138019584784,19.5736688935618,20.2197556985012,20.8707652036657,21.3867143769296,21.7389388861368,22.6220005542708,23.4511584138663,23.8379616776929,24.7007070764531,26.0260786628193,26.6959415119929,27.8459554240222,29.3836770144198,30.5501085303954,31.308731043411,32.20580069939,32.7980874669381,33.2837764177562,33.5956626786347,34.4382197985473,35.0222659413006,35.5206399513715,36.5800194966701,37.5352343895706,38.1391762684384
2.97840747979198,4.13956067782709,5.46936072230988,5.73391907188588,6.06044418591982,7.11325370551846,8.03385877823418,8.75246951608687,9.89403303453727,10.9711440683972,12.6112305185901,13.2844249036289,14.3207477702938,14.8260371047289,14.9231290632411,15.3907515928259,16.6302120326485,17.1597057484233,18.5028758145023,19.6831269791028,20.2403265427885,20.5069540574524,21.8706746729731,22.6517783595916,23.081231825202,24.3981643701946,25.1251711064223,25.9268675322349,27.0411399272381,27.4379635922877,28.1085588118445,28.8710434047884,30.3174047973742,30.6015280240758,32.3490651431722,33.3063880234859,33.8265249301661,34.0324256733812,34.926296897419,36.4214170999545
3.16296188561419,4.14734166959239,5.47661176487243,6.6752927063071,7.35409864802372,8.24793258054789,8.77700181166146,9.9372534826841,10.4690694573889,11.4000918470573,12.365886528964,13.3542160878982,14.1920891729524,15.302502871782,15.8547234803606,16.5116381557793,17.3252115532614,18.0137457349556,18.5558125626651,19.6135309585583,19.8909870684864,21.0742000233434,21.8942619586942,22.5179875708357,23.6504498800294,24.7283772532324,25.515604315944,26.2320206601549,27.1508177160194,28.2971289022454,29.3249206083204,30.4443052784856,31.5752927577236,32.4642005853447,33.5114426030728,34.1471029877696,35.1465286548312,35.9910227647055,37.3586664689224,38.0033300434347
3.42624901647358,4.57314373875507,5.9381887332509,6.46033621243614,7.49048699533727,9.18626170319445,9.82187402873985,11.8428927364354,13.0955580731057,14.0655339521842,15.2204195681569,15.9745576078689,16.9836367812427,18.2309300637092,18.8788278687662,19.6055062653561,20.6312094174884,21.910899906194,22.2157799851406,23.2797021769027,24.4323025405779,25.9853077005374,27.1409626090918,27.2994224292989,27.7851744910653,28.5338464829715,29.9447878266404,30.1196602093622,30.9662057143215,31.9389397851078,32.9961944815513,33.4967106982048,34.4682412746256,34.726013854327,35.5082196894865,35.9840131869922,36.1767355247798,36.3386295220893,36.5522515072176,37.0115311654698
3.71761623192027,4.76114699171291,5.68768913172698,6.25603113406723,7.33678485131579,8.40873392721177,9.10046357464435,9.96143849756205,10.5779542347702,11.8963590692686,13.3020699463029,14.2559832157652,15.148304487231,16.5788888203526,16.589777010728,17.9967126961586,18.433230803384,18.9109945371141,19.2196917316819,19.9909655811788,21.4986117406774,22.6717362220031,23.1585458813497,24.0487778570013,25.3710447528495,25.6316527128992,26.1564018388541,26.6817563686846,27.593968026519,28.0818474161913,29.6843741989546,31.1476548278776,31.6183446453012,32.0977879789849,33.0926145752134,34.687593880778,36.0019424991437,36.858088375364,37.9808845623635,38.582518988568
2.75791394378781,3.42254595730856,4.65151645344519,5.51530946021088,6.39035573439448,7.04417456687211,7.96670502271371,9.18371505684838,10.7264304388296,12.1984143175352,13.119808935947,13.9636621803763,15.4505228391908,15.9188945856559,16.6768508926371,16.8998286699184,17.5355558260671,17.9163878657369,18.5454470554027,19.2678591172604,20.7591583139163,22.2397296564955,22.5406226193554,23.0784104271916,23.7350331727437,24.6287608230385,25.7215235312454,27.1452376689373,27.7281051772657,28.2262610938248,29.4723703895379,30.3324243958671,31.3824438867056,31.9671577077055,32.8029676527309,33.8002542343958,34.3133789004182,34.8418946315267,35.3181217535299,36.0388797707655
3.42970154072914,4.54499535383223,5.04456157715281,6.90268816348746,7.96624873292663,9.37050782557404,10.1121378880025,11.7538898396691,13.3603207180503,14.0174597647329,15.0031781656309,15.961712242762,17.370847853268,18.2072073986172,19.3582023240902,20.2204506632786,21.6525267765536,23.7246220248721,24.1097385698307,25.0687281917527,25.6132598771907,26.7568372465143,27.4470897498144,28.1538849452767,28.9643785721802,29.5611284410581,30.3719655982552,31.1968641538458,31.7033397070413,32.7266408318238,32.5570973476139,33.5066552166414,34.1541939492462,35.316940111028,36.8396653110082,37.1125460589304,37.5227663914139,39.2024104010305,39.7742656714594,40.4409599296636
3.48198507707831,4.36541918534636,5.05381666944563,5.97999978618377,6.7776070278012,7.18326284269499,8.07268333971065,9.05846046010677,10.2023390437676,11.6473659553674,12.7427802266979,13.644484775449,15.0323960614873,15.8702019557811,16.6074918008163,17.3378973133352,18.4098161263682,19.8427665666738,21.5158621948981,22.0586746406522,23.1264570712552,23.7234988478474,24.706420437768,25.8078421600442,27.0253984090913,27.696637771056,28.9836583209025,30.2678055352691,30.7462675702342,30.9633036374866,31.8643606364551,32.5427164173449,32.9458846501904,33.5592633044842,34.4220155551561,35.1092872440026,35.8748205552968,36.2694155524976,37.0253766689246,38.9075007799275
3.39539784242226,4.24591884121744,4.9854557742572,5.63472328543419,6.91183866142939,7.29207122686955,8.16211950639352,8.68766734355319,9.42163379208121,10.234301282542,11.16629517816,12.5804385914879,12.8882099159361,13.7052453435457,14.6148097564109,15.6440166740539,16.5998061161408,17.194251113024,17.7238808212257,18.6703128120981,19.4560329696684,20.1898797785624,20.4064652719243,20.6449505554194,21.1401450368376,22.2053437549049,23.1712110760577,23.6072852912336,24.0936257651533,24.7645340641879,25.66469892962,26.7216663744629,28.2921880240719,29.7416519481494,30.1472562996834,31.3112939810681,31.5425016869413,32.253023140519,32.9734024008912,33.3022617465373
3.79310911282976,4.59972820124949,5.19860667354455,6.26722394831567,7.28819703047332,8.8622049378951,9.50731610757547,9.94025173864733,11.1314366809402,12.0950086251748,12.8001538113237,13.4459203810373,14.6087284920368,15.7918532081578,16.5703388529276,17.1847511999297,17.8616090962069,18.7635569150711,19.0112852418481,19.6555109574035,20.3381891274172,21.0319744281406,21.7348793956658,21.9460250838825,23.758080870046,24.2824021545774,25.5384427940463,26.8008708076181,27.6933775332648,29.0773712453335,29.4449575507948,29.6618162226119,30.3416184359435,31.5069292497542,32.343825462379,33.1681452057382,34.2313527255128,34.1431070680946,34.3619761039521,34.595829174934
3.62760381557985,4.32850910690216,5.27205676293982,6.21417820468027,6.98093553596057,8.14306190042086,8.48086086771297,8.94595162589868,9.96353537233019,10.6967626537397,10.978997917206,11.6210564578808,12.6789110725018,13.6278323268302,14.119725984546,15.363989951165,16.1417354256198,16.6423928250669,17.555277646591,18.5901821273633,19.459118842062,20.0658439983589,20.53423012494,21.5467377689588,22.3994533845582,23.0995554263171,24.0347091761202,25.0798901440793,25.5069537125219,26.3327784733395,27.0722321093083,27.9668030011123,29.1355917869608,30.3570625037658,30.5434341028556,32.1586494182784,32.8085708667703,32.8884574957001,33.7094041069698,34.6678068331482
2.65109086567062,3.61420028941957,4.48767901714107,5.46335119493558,6.60388179602011,7.32014075449639,8.11374387606033,9.30527018510854,10.6632947459222,11.9209629192881,12.7222575604141,14.1984357686783,14.837153700545,15.8107160059394,17.1658428754376,17.8215126073725,19.3923065908139,19.9921446677211,21.4912502109936,21.9743520226838,22.393686784366,23.3517112839748,23.8130748315502,25.0557265922879,26.2497159853098,27.0478104973608,28.5759315307466,29.2713272383695,29.777543152953,29.7229057140143,30.1338399427396,30.8028524116367,30.7521553585696,31.2112220144541,31.5561370410693,32.5276264053075,32.5439062417101,32.5537804677308,33.3255523535053,34.1734019506604
2.71580281901177,3.62584841166178,4.18818606079957,5.53595422665407,6.33850896260125,7.34239694560996,8.20140752359657,8.97738619426426,9.87204108810212,10.7725147123639,11.8347320197993,12.638309660559,13.807884412478,14.8089617465406,15.1002971505343,16.1438033686363,16.7380823405398,17.2779828837061,18.2504816359745,19.0111162004662,19.5088496764688,20.3817444622941,20.951892895358,21.2726071493039,22.572596433467,22.9375094630964,23.3899866634901,24.0051585154209,24.1409196345952,24.3451540156994,25.8532948178567,27.0341135719477,27.4894385878762,28.4423014098835,29.3091379672866,30.2605910867947,31.2716367856865,31.9897548504382,32.2165219962801,33.1674062112382
2.87125261996693,3.92910153015434,4.41889750680208,5.7599514115402,6.71753724448615,7.70729946398787,8.73133863581506,10.1325314652924,11.4224328737274,12.7115149461903,13.4587281433683,14.3963686255269,14.7570756828857,16.1176865061607,17.1835229501547,17.772863270695,18.5516105378281,19.4274684447468,20.0637572266764,20.6814297259237,22.3740595105535,23.5659686818945,24.1522281575196,25.5765560335136,26.304804964149,27.0659911711369,27.7733131899359,28.1500747082194,28.9091936779614,29.5524265351282,31.0369772706304,31.3285675007975,32.1187859528198,32.4592524811345,32.9993267982074,33.4689223744814,34.6559222028429,35.4590548262389,36.432310973385,36.5487285066964
2.84504233682685,3.96628881277105,4.96752239446247,6.43863149492233,6.89858026093218,7.39967886036176,7.86348190548177,9.21307382501869,10.0516897424229,11.2033188491715,11.514523071216,12.1339019800293,13.1448495277922,13.8979660874983,14.0276143932239,14.9105117154732,15.3389594892406,16.256205378095,16.5714220226511,18.5962266747609,19.1432044740905,19.8686200808719,20.5498721040921,21.6083291072328,21.8875714335908,22.3294168635528,22.8271607525216,23.5529527539221,24.2990463121319,25.7238045304706,26.4039864221678,26.6479139456861,27.5746673408792,29.9527700938227,30.9315722642655,31.5576997917158,32.8923674184718,33.5822688043549,34.1652959611047,35.4464526346081
3.51689843056121,4.58497172260001,5.96087709145165,7.1923782227622,7.88505856974569,9.04780850604467,10.4729817426498,11.6998866676412,12.5241521822165,13.6907252242045,14.6447442521509,14.8784798482488,15.8285953441789,15.9816983525647,17.5086185971873,18.0507294551076,18.6923535247168,19.1009962007606,20.2144668129926,20.9133197652172,21.8087278425891,22.0457379145314,22.7155334237,24.2084979375889,24.6364915133497,25.3329469896588,26.517796099938,27.7912643772875,28.835612378334,29.9357848534951,30.5744737977004,31.5193472172955,32.009512601264,32.9271021685492,33.7209455004471,34.0816452654462,34.6829031856261,35.0058712944513,35.5096828889405,36.2734499425119
3.32342619750108,4.35703248631019,5.64600917952174,7.13606084181054,8.14275184734225,9.07829662224963,9.76574342286459,11.6357526158896,12.6582805431587,14.214984741684,15.4560050965829,16.4877852604372,16.9712561912056,17.7699670862715,19.0684863384343,20.0552620172314,21.122373212753,21.6827856339782,22.3947449345872,23.7525989711894,24.2128263235325,24.5234683981744,25.5141922499547,26.2368766003268,27.7768759802132,28.7939027545488,29.1598297668058,30.1365850536786,31.1919724271646,31.5774485239159,32.4298649554005,33.4805572726448,34.4249788010339,35.0755690325011,35.8394641548373,36.5530080594824,37.8103826452638,38.5266357818322,39.2525273345878,39.6335401740798
3.22986229397408,4.26894909554409,5.45625277545552,6.17365101067236,7.17577026071213,7.81758902236427,9.02251111228408,9.59948675155569,10.1520996237675,11.2130691146148,12.4707346244112,13.3962873053617,14.4210863135721,15.2942136179766,16.5999308403425,17.8825636811869,19.2824291095928,19.7609679931842,20.6305572586699,21.7670433713574,22.2832662916397,23.6424565678385,24.4384533023653,24.76385257781,25.1401767387874,26.7930314839828,27.7296774762338,27.9443351476716,28.7751481488059,29.6710590503289,30.724059191348,31.5250082583614,32.1783383588968,33.2608716005129,34.5169510633737,35.777393892159,36.93239511586,38.142592898351,38.7688724861645,39.4435004960371
3.47260157616159,4.90384431713673,5.94503995979329,6.90387145100059,7.52749500651124,8.09523765111642,9.56718190077428,10.7701229640834,12.0277992194392,13.1038469534611,14.032762308239,14.6423044035931,15.5610000455232,16.1770828138656,17.2085940126789,17.7980010377789,18.7540815712813,19.2543284857328,20.0481901168173,20.9222887717775,21.5256871601669,22.5406549005134,23.2973260523856,24.027973925068,25.3180386129092,25.4958647849804,27.229379341207,28.3323390157359,29.3036547335608,30.1264248199469,31.0268699449595,32.2047389875845,32.7993739779469,33.9262854676113,34.8890396617913,35.7226838539217,36.465207315336,37.0363022631377,37.9851979902397,38.6914685674707
3.99916142046104,5.1996646550248,6.01228727774493,6.89643698486103,7.90394684632849,8.25887818166656,9.25169616281585,10.5914707996277,11.9174290942828,12.9680000086129,13.9033459427287,14.9532140905772,15.6466735952586,16.6097423924066,18.088860260134,18.9850800362934,19.5551938332341,20.0991601069018,21.1548599414185,21.8008538120774,22.6881979906021,23.4217860280189,24.4752457216672,25.1531723491003,25.9051428966483,27.0920252566087,27.7501886769497,28.7006526780583,29.7854195208265,29.540016680372,30.6170002773794,31.6288277214195,32.964998949854,33.5413697190399,33.9630698912749,34.7013597691082,35.3657348584553,36.0952001582427,36.6686914781565,37.3128767025687
3.22739491632677,4.43119714812605,5.60741246211494,6.32132435134033,7.77509573603517,8.95601253614753,10.0802724140006,10.7382691393682,11.8749926143983,12.9507913445282,13.8409240656469,14.63814818764,15.7006793245416,16.631727729088,18.1709002560006,19.2057818436313,20.3437421788716,20.9656016615714,21.5787559412142,22.7411646695454,22.942513136383,23.9913733683498,24.7424196488737,26.1784432804677,27.3505137295531,28.5437064452809,29.607329514993,29.7662729949462,30.253454573309,31.0823072865655,31.5838285274973,32.391936865241,33.0428153539229,34.065632948178,34.6221873366159,35.3743003085155,35.3568746791777,35.7551565368322,35.65185048669,36.5582265125899
3.47214280504741,4.36229352692179,5.40249677929558,6.30848427120589,7.66365273504819,8.8503004903805,10.1038503933134,11.5201918283349,12.3621520260597,12.549965638879,13.6582185676939,14.2315390124528,15.2318058284357,16.3122698353335,17.2405996897892,18.852279101615,20.136681603324,20.7051613499919,21.4051032753697,22.4627392349722,23.1557573216348,23.6551535848404,24.3850027397433,24.8498130860606,26.3841553570894,27.4870939986053,27.6827399507209,28.362729211134,29.3338042943996,30.4553004186931,31.3781881357237,32.3542961069704,34.2026330487046,35.2612020891862,35.6314639686253,36.2561758475509,37.4023442957653,38.8567824344083,39.3749734591612,40.5405812137066
2.94168629128503,3.85051511373175,5.27725759575959,6.40342566798477,7.32677450715117,8.49970407741524,9.04350448274576,9.69431075007866,10.7506413265371,11.4093983913311,12.3009567079613,13.3206733845366,13.74853372327,14.5846323522975,15.5759328277298,16.758167301448,18.1303839173464,19.3040439264189,20.3516311667908,21.0802749151497,21.399610373711,21.7082196642758,23.1235906770061,23.974176736781,24.8602405901296,25.5022938501205,26.4754817331077,27.1689915521799,27.5675898346784,28.8887841351289,29.6432858810763,31.1848113785763,31.6766983993931,31.8821905377175,33.2566655250597,33.8551822236207,34.9924405936327,36.2326953740747,36.9815580935805,38.0067826298289
3.29040843988494,4.14044587690797,5.19036754241166,5.86636111701479,6.40140685284134,6.92993370951248,7.97295158646851,8.65917862141645,9.74679382341279,11.0852499119616,12.3403733370049,13.4431785006493,14.1670047839918,14.479134110913,15.2474679941678,15.7726732209148,16.4190592737938,17.324159508654,17.8859582655823,18.4911469200776,19.0820151898156,20.180625850099,20.626613787053,21.4207932630061,21.4145155379937,22.9180155207275,23.5579130570361,24.2215944324825,25.5210440877359,25.669111300086,27.1834345790539,27.3280658581855,28.9734357220621,29.7661264599561,31.1996838714158,31.8767648075892,32.7950683405345,33.900023953409,34.0693717115699,35.2059398849528
2.97622001051907,4.18381389848879,4.97837982904742,5.82659776918676,6.9561955846954,7.5671535131842,8.61701719945796,9.86535018791099,10.8684179775121,11.7116031068233,12.9389059952922,13.3366356742705,14.462018358561,15.0594145181326,15.8620014054922,17.8865640161421,19.608950794879,21.1518490502171,22.2339292160788,23.2396036499149,23.8150703258618,24.2810970074256,25.1709578444131,25.8603464088025,27.5886337618226,29.1845866887835,30.3378280489983,31.6340153485989,32.425383298407,33.7960693735942,34.9195945215825,35.6933825736948,36.0929915029096,36.2770962990996,36.4793419063158,38.3455045225783,39.5524719742076,40.0041708351032,40.7629730227803,41.3852680139196
3.31392629844265,4.13703628709707,5.33495950437918,6.33330031775675,6.99617855560368,7.92825975670909,8.38534893768569,9.70604596868434,10.9821358576801,11.6673476884709,13.2543074630887,14.4650118352159,15.4479822224097,16.2148604235464,16.9537095695063,17.9203991018551,18.7814670883546,19.6969914776473,19.9521915515696,20.5306138493713,21.6838786064635,22.4677568266805,23.8910345789602,24.7025661577436,25.9478593493996,26.7949854389425,27.5231699517894,27.8156829558262,28.5004531918571,29.370288236836,30.302227592402,31.1028524033454,31.4862893724834,33.0087994269124,33.21449617785,34.3288351616713,35.4666186250622,36.2429500133556,36.550131154065,36.6921547002592
2.64952365534523,3.47328259211929,4.26039899459959,5.17555591123484,5.75373801550379,6.42631361591231,6.84833617742504,8.23040715514311,9.11081630391828,10.2738731456435,11.1357289959959,12.2690737976271,13.1347490682342,14.1008338646828,15.7008258752512,16.5682886025964,17.552406943922,18.3013118704058,19.5019195280978,20.4049722980938,21.779017080322,22.8599454423879,23.4975585323381,24.4508511253804,24.6264952482007,25.7735792433987,26.9641572735359,27.4644035401663,27.9079772722181,29.8034905841752,31.1759334520109,31.4795078603278,32.2253097127384,32.4352977489779,31.8550853578383,32.4189728213472,33.3090530692418,34.5287074408212,35.0777154963377,35.2419973796268
3.06043455720315,3.91224325753525,4.70397660335114,5.60499430609838,6.75204421998719,7.82257190265268,9.05001963790674,9.94989720015993,11.229312952681,12.8972086590591,13.5923713617031,14.285436498862,15.6628678323384,16.9209494206155,17.8808993308208,18.1489990582882,18.6387809828952,19.9563641869415,20.903984134728,21.4285167554443,23.118491325727,24.185211765037,25.326008060071,26.2370525570342,26.6551650797567,27.4605865208291,27.9467591620222,28.9146355035153,29.5894164999995,30.5774590553295,31.238481559908,31.5657647304564,31.940455323772,32.3337712834352,33.3453557368155,34.0727150330918,34.1714862420202,35.0288001967443,35.9562436273175,36.1840962444297
3.16289855312584,3.92972681498396,5.23904136557426,6.04530745636153,6.2459060555997,7.22826271491564,8.20510383662423,8.95255130237336,9.48308036610179,10.1125002867063,10.8616981474529,11.8139400506363,13.1990960964769,14.366937870861,15.0249070369349,16.3513683354069,17.151975749996,17.5372368416072,17.6164301950275,18.2949316386562,18.885365190693,20.2731192482011,21.4782426841382,22.4364574772885,23.2969263143601,24.2402029836778,25.0702314727296,25.9752439972777,26.4899902285529,26.9102365982286,27.5919947392267,28.3484507355877,29.3076007582434,30.521368035238,31.2952361987179,31.9773089164088,31.8294745516408,32.5229431184614,33.4745150488294,34.5574312384152
2.84634954271834,3.36332608174632,4.31355062793785,5.30648942665536,6.62477192619829,7.57936123849977,8.7626783864468,9.44914765786726,10.0298444361718,10.8215778773905,11.3293629512349,12.3892460412245,13.5006003347817,14.7452331939709,15.3637132633513,15.5133348082891,15.5873705428003,16.7088084791122,17.0522273680361,18.703830290456,19.838090439774,21.3298591073636,22.6581099470101,23.4108040515459,24.025653857622,24.2755856141719,25.2907932330292,25.2588891811089,25.6851249393011,25.75978744305,26.6154340151758,27.8731878980916,28.1984676879861,28.6198668618697,29.1467145353868,30.1460174137819,31.0342828813257,31.9508272098931,32.3502769623885,32.8671803497206
2.94891643932591,3.74751411093663,4.5169645180994,5.36461568227171,6.37635224584375,7.18867059778949,8.25979811999269,9.12916536135251,10.053580570848,10.8805886902231,11.8300358260273,12.3081941137921,13.047445468107,13.8796469102378,14.4073015318545,14.9141762718045,15.5412211689941,16.4992756172277,17.6399359902773,18.0668174104603,18.4542406278642,19.2930233667337,20.3973332871402,21.5309632853652,22.0639349562624,22.4570358962271,22.8367552809978,23.4395774736778,24.1154179226989,24.5257579713418,25.3484222107587,26.3994000329911,27.6954770079008,28.4044178696282,28.9788938911531,29.4915708608402,30.7191748135425,31.3900010466401,33.08742752476,33.4936434347213
3.73881051760643,4.6476396766221,5.76928437942984,6.75214470570109,7.55289007097425,8.95922129083664,9.87722981371792,10.8216562315726,12.1480168660742,12.9052815493269,13.3685102496992,14.3018889300346,15.5406925090241,16.1844464949643,16.8193033319651,17.7851228074907,18.4685530336886,19.4912763244591,20.3200655007247,21.1833008109906,22.343531273365,23.1781055371478,24.0671987672578,25.0139464717337,25.3948223770779,26.0893661314686,26.9263109830965,27.8368305472548,28.7593278280107,29.5250970164238,30.2352850760483,30.389388821413,31.298820402046,32.0186804474208,32.4786689171287,33.5252620692468,34.523218973049,35.2374437768535,35.9753632400283,36.1747158355675
3.10668675553481,4.11978619558808,5.06539958933277,5.99261566943679,6.97793316257129,7.66557771859574,8.07284985589833,8.88587820856433,10.6047892899624,11.4921530876558,12.5568839439409,13.3305249126429,14.2140046310111,15.2492546982301,15.9504457631921,16.9032725632721,17.4830003044411,18.8896288891575,19.7043980438323,20.5133803686989,21.1876360366315,22.2534070452794,23.3021988503062,24.3985148127946,25.2922787735737,26.0714126756661,27.0432748266692,28.3400241479975,29.1839746723656,30.2592334457717,31.0524915959091,32.1703993881054,33.1269048783226,34.3954246279791,35.4391491326428,36.3235480360589,37.5112201113411,39.1125624886786,39.5796297395074,40.2898084219227
3.45860204375311,4.04538439026044,4.90284455807305,5.70824898523174,6.73064844316624,7.53704934408827,8.60843643324952,9.20208537664006,9.75171158492668,10.9062272852664,12.0666880848795,12.9572075393756,13.7612580480582,14.5979517729522,15.6717140626409,16.4969858776328,16.8175710324499,18.0876195151203,19.2741526430209,20.1847248445357,21.1913522082559,22.3362212304735,22.7110291875191,23.4823035218196,24.3965567533947,25.104155102518,25.1755503575134,26.1805621608045,26.5636076683943,27.8585281754328,29.0005569757645,29.5705567983178,30.0179715083544,30.9096944806383,31.0364547419671,31.9913172944965,32.4999744738866,32.1592320100932,32.7148281330315,34.0134655771293
3.8822588251006,4.64197655161595,5.84977432469919,6.30919722241336,7.6111392207357,8.45412830037013,9.63606793700916,10.6428842697265,11.2745724601551,12.0237118247151,12.5830393240475,13.5315392846493,14.3153449650145,15.0027736133014,16.0203314079889,16.8373074547592,17.898073602331,18.9527562279242,20.1469995149279,21.1523345728858,22.0305851193136,22.5518011083879,22.9268540524253,23.9203459516768,24.6546149778622,25.6508273313519,27.3975204844978,28.0113965558865,29.3804096610785,29.7115327299675,29.9306380954899,30.9749016418609,31.7270334147637,32.2134085153388,32.856856418907,34.1812596516359,34.8966982769116,35.8450326435601,35.7390541205271,36.1828052848477
2.6086961338555,3.39864826867432,4.27355214287269,5.64132805592954,6.70327891745155,8.17085923485147,9.72983855145417,10.1770275147453,11.3662384871035,12.576316684037,13.5347899513042,14.5532322764538,15.1887094380352,15.7138944362867,16.3990567301912,16.567333590876,16.8272186120292,17.9443990694044,18.4567096919611,19.5957438933095,21.1581410620533,21.4404732152679,22.2873879339479,23.2381802215326,24.3613962271453,25.1251588403982,26.2439519159376,25.9560239536935,26.6485083784901,27.1737668107207,28.1113409450661,28.726866195462,28.9908942970577,29.5594935681375,30.5930370265549,30.5878046134289,32.1215051713235,32.5328595210827,33.4470344162657,33.9212353537366
3.73443328853598,4.8167363034329,5.89975244481258,6.73940466676085,7.68346855191845,8.94561479217437,10.1755354563208,10.630805816366,11.6665333845589,13.0162314034595,14.6157373072413,14.7925949193459,15.4193746883485,16.2950430439926,17.0580795515507,18.4014277440032,19.4253143746744,19.8751185544854,21.3800696409223,21.7242820184432,22.1797376045217,22.7000942753019,23.0719373920976,23.5997347668092,24.054042166587,24.9023957421687,25.1502825391513,25.8379402946004,26.7329575934733,27.0565568583174,28.0731823676373,29.3382361061078,30.062897861096,30.995401291554,31.5063341814881,33.3547186773318,33.107180428078,33.7521551167631,34.5783208047928,35.1769440492811
3.3122838325376,4.57032563941688,5.85537986867753,6.86441398036568,7.92915714926524,9.11461525954194,9.68637293360303,10.6005116561767,12.1818877241308,13.0179486642414,13.4171168123154,14.0721913451838,15.1860360720994,16.1099352253345,16.6184809381288,17.1178983754816,18.5123925638993,19.6508413445592,20.7449354111249,21.6235797607327,22.671573716496,23.2586461887676,24.0533977358285,25.0206569304301,25.9931255346476,27.0389867581681,27.514577035841,27.7081828195527,28.3693655629533,29.7101143229927,30.5169984291154,31.6252548984048,32.2387544566926,33.2937672770334,34.1272356325098,34.6002800853459,36.0336190710337,36.1489552759624,36.3873526025461,37.3891631090694
2.66295473968889,3.1465067293453,3.49657052666445,4.40248487553495,5.39749830674212,6.34026113121306,7.69678426037804,8.33968088287222,9.9563239830157,10.9576416936607,11.691026269484,12.4008604315405,13.0586955872728,13.7453473322247,14.3859486730075,14.8859147066278,16.265243810641,17.5746583889723,19.0493322633701,19.7631351507644,20.2368317335899,21.1246148879394,21.5691313606996,22.3495972712127,22.6418237583424,23.1503901070961,23.6691921695878,24.8362036881973,25.2149437127766,25.8571072589531,26.1400228852237,27.3363447165705,27.5022040350871,28.5168959199973,29.8811375405895,30.3703878835529,31.9446254805681,32.8284510073058,33.366780690975,34.1959530691784
3.03147806834859,4.05331842867035,5.06657148359529,5.81759276176455,6.63680867024802,7.66837391465669,8.31523083852611,9.51539667060877,10.3182235302059,11.3560988232755,11.7935204121081,12.0794475280477,13.2139958503871,14.2489100327502,14.8404858937515,15.9841480450422,16.8799773690766,17.8502083391131,18.8070820461022,19.5839178411387,20.6868193886957,21.3038236465331,21.8985028326973,22.6740697325986,23.9491762492401,24.4822467035754,25.0214733232652,25.6845802478745,25.9471059968931,26.5890258252809,27.6440365109863,28.277111032495,29.0033500681781,30.2043398777382,30.7639818839729,31.0229610067894,31.6594302649685,32.7712351001331,34.3850688706992,34.9050900618622
3.51902392698141,4.84719338300738,5.74453678439067,6.8435349002479,8.43825475686202,9.18401918448303,10.3283067288133,12.3878427548093,13.0592989614872,14.5053671842751,15.7531674531878,16.9222942493653,18.0919124766433,19.477362325498,20.4989362238449,21.2496512788568,22.4773326754495,23.2334774182826,23.5115009456939,24.2603092412538,24.7096366023097,25.3372358877806,26.6397976934056,27.7648908791769,28.922480589619,29.4237304670568,30.6217715657159,31.5084823025902,31.6176739894145,32.8533729289965,33.7749610664662,34.8319070170748,35.9207851189666,36.4914900480662,36.9566851472353,37.7605981771858,38.2130935513517,38.2441338216023,38.6600494427435,38.4545842783379
3.1179139983371,4.04500411097381,4.71443220330945,5.74167913771672,6.80764664421591,8.16365921520891,9.45760872279121,10.5888570051718,11.3766063995086,12.7829574350512,14.1251690303902,14.8122661372327,15.4951128092436,16.016592238502,16.9465688606081,18.2068257578469,18.9765050827144,20.1006927552014,20.986742737059,21.9854864234415,23.3759408055096,23.6724799591481,24.5018191851351,25.7103666961359,26.2338372033605,27.1454674192306,28.1499979590763,28.5543761890306,29.7385061603549,30.0928197292119,30.5810147233992,31.5879986465069,32.5139936752624,33.1993217306127,33.2856702952422,34.1319657813623,34.8859951953029,35.8345709578619,36.3153250011784,36.4554138492987
3.44073258315058,4.5307890745382,5.87105893253828,6.84617105629964,7.60171522889203,8.05233506538904,8.60414846443765,9.18458045478693,10.1042560556112,11.2007752139208,12.5427010298443,13.6691291080063,14.5525002483032,15.511066169867,16.6594877424056,17.6119959807564,18.7636848643863,19.931921787131,21.5827188178547,21.7777296057235,22.2817433485136,23.8603021549016,24.6955143096817,24.6692630637253,25.1881184860072,25.8294637773287,26.4864728055097,26.9904907549525,27.3640604936125,27.6020694866789,27.6375393597301,28.9178818583687,29.6889443483116,30.4996314895309,30.8976475036318,31.5677448291304,32.2728489079687,33.3141742254808,34.3315588472019,35.3868507762765
3.7169439973277,4.73141006053718,5.67744360142644,6.56973232619801,6.9952534136353,8.07210185694945,9.03703225470728,9.88436546120091,10.5181772426462,11.257625196806,11.9995517078761,12.8105023970459,14.0780728504798,14.8959064342802,16.4001055396005,16.6857545948508,17.6672588044864,19.0657881253016,19.7786247586003,21.3352671328939,22.4597486614643,23.7777426662531,24.2119203923902,24.3829545530087,24.3604037068502,25.0766652928746,25.7269837375327,26.4933464273022,27.9329153883938,29.0991954405224,29.4442126234885,30.8930619939632,32.0978623996899,32.9660278363504,33.6418101797646,34.2144833095512,35.3580111909197,36.4887010726461,37.1570041191719,37.7984041340775
2.8369437402395,3.86566268942727,4.95663591081762,5.31190557248086,6.33928174338787,6.93525313092389,7.4635553205364,8.598381525747,8.96459293689758,10.4938511470724,11.214091465139,12.2413272314951,12.7731166391485,13.9437108839497,15.221504717026,15.9412908496934,16.8861726198485,17.9187505414037,18.7481123778025,20.3775511439742,21.2705007792225,22.2147463369319,24.0156197526968,24.6305363253723,25.2055867288355,25.9284482888925,27.0617958842005,28.1094974094445,29.9518030708262,30.7122197713098,31.721708037018,32.331588226264,33.3838082296557,33.9100498618337,34.5882344040816,35.6699203340097,37.0280584722339,38.1850629987766,40.0911828819384,41.5793020342486
4.19324741144933,5.35372555314461,6.22193447921198,6.96593029252184,8.05370495437272,9.22045132913834,10.1319944574725,10.9824787375221,11.4503438823008,12.320574820129,13.6906931659474,14.7689706639119,16.2047021287784,16.6077809433978,17.4701935216841,18.3822495497364,19.1418976663756,19.6014713298631,20.1907435729183,21.5839100786132,22.5073583016093,23.3251487969399,24.2836363471234,26.0732332081551,26.8643292980481,28.8125150679155,30.1295837681786,30.9985724825336,32.6569768112714,33.4087896256303,33.9959503018686,34.2537667167315,35.0135689174405,35.6200507931084,35.9479640812472,37.187144156914,38.4723917929975,39.1477670560462,39.7698548172985,40.4511708238668
3.76608827168388,4.7947448495785,5.91290405023949,6.90288125648648,7.74156189217389,8.84634501024546,10.1088258583677,11.1988263693372,11.8305746925515,12.7719214256495,13.7821705562187,14.6118745162462,15.5729936041611,16.8897119067809,17.9958797917267,18.7956206372603,20.0681889279919,20.8292027151146,21.3950389453251,22.4157211230165,24.2870871246942,25.0248971207605,25.2953201549334,26.007993978881,27.0142614405255,27.9259462180203,28.6829490093927,29.8370688228841,30.5496747098626,31.4398447013888,32.2540525598928,33.9691067412939,34.2868015207498,34.5212295625092,35.614660004128,35.6960869123719,36.4055153124748,37.0753047342748,37.6398682552991,39.6223199280804
3.20821792936817,3.80610774312648,4.60204064349568,5.6070586737016,6.55104726047978,7.89531178869999,9.17241769291349,9.87017685526559,10.4231575937804,11.4267940858717,12.3027949237555,13.2213793026812,14.1260913492469,14.7174296920849,15.7202328503879,16.8554990095663,17.8042127701137,18.2714232677411,19.5287710136771,20.9946416438548,22.1455475835808,22.787228867706,24.2450861010678,24.7478579454206,24.6550725690786,25.6606425500732,27.0525605120291,27.0001106405864,27.6136386171897,28.5235714595047,29.4356451191253,29.7258015835401,30.1447864865448,31.2853418535898,32.5999242495231,33.322917597406,33.9829644549099,34.2942412809664,35.9327381433165,36.8141686338097
3.57785090974136,4.17590909101864,4.78194003494924,5.79687085701351,6.59170793932751,7.54874922935184,8.715101973741,9.80041542238442,10.0279026276804,10.9955309998458,11.8490817050556,13.2854811438397,14.3347561693902,15.3577058552932,16.4325818859293,17.8013066049095,18.4064539538386,19.3637357744915,20.0234462147337,21.4245978754846,22.019041948775,23.8540683210306,24.586750956979,25.5241145973615,26.6356991835477,27.8858754771407,28.378026043228,29.0780047694804,29.7172403697621,30.3581348672951,30.971784679698,31.6521764335462,32.6024893158893,33.5660189820498,34.7235200956673,35.4793843760333,36.302420653857,36.9304728310621,37.7529252740975,38.3525617110517
3.20186675810991,3.97131705172809,4.8362812572521,5.80908647061394,7.15981880377648,8.36483354982419,8.77340556165434,9.86605345768753,10.9301510280057,11.4126550916029,12.4660361346019,13.6232800622379,14.1841148918078,15.3022923213295,15.8897534596561,16.8929276886957,18.4913492931158,19.2779123779653,20.3656366250718,21.5355243228054,22.3001580272771,23.0263085748434,23.6622909216013,23.8665882466025,24.279202524505,25.4506976124067,26.6477634635203,27.2128933864133,28.2946113963448,29.1886797028473,30.4948492087104,31.7102256674357,32.5406951490755,33.5108091091874,33.7471565937836,34.5801924056788,34.7302197694563,35.5834042639919,36.2239083084384,37.4775042565189
3.83285478467284,4.98760208779622,6.22503316179143,7.26730192222773,7.7756513809993,9.23289477510828,10.5030180653611,11.5506404359281,12.8621890265866,14.2401528109936,15.3525101359958,16.1864872575152,15.9903883547955,16.5385654808555,17.9231474216367,18.3657278942508,18.6190992533866,19.702094463893,20.6779589075204,21.838048287408,22.3112838545975,23.099633590153,23.5903225231023,24.3318942565505,25.1439967248226,25.6233640281701,26.3920214160252,27.2158995260786,27.8225599400438,27.9593889248071,28.2371782778851,29.0796190548035,29.7053587215763,30.2116898095901,31.2829642266046,31.7045109535349,33.1211443118543,34.0037692806684,34.5713507705367,35.4043816947434
2.76595881082291,3.51694262310186,4.61935286717618,5.36716781196244,6.530107739677,7.32441177710706,8.2366892302699,9.00565968542473,9.88516339661461,11.2969927572987,12.5814120056675,14.1142111839659,15.0824690064177,15.8288155226315,16.6935443215615,17.5946800340813,18.335247712108,19.5158200249298,20.4130373520506,21.1629506461474,22.1146158812771,23.2389000276538,24.5596878892501,25.6313789970073,26.2506199974753,27.3047825833652,27.8816136850382,29.4940565895807,29.9182197693181,31.6735518651075,32.3108235512653,33.0657976481247,34.5298980436233,35.6134271358629,36.1428947670783,36.0946337402772,36.5378851002274,37.6453465504732,39.2324489316236,40.0260103839774
3.12415850888374,3.53310308195458,4.69188628903363,5.39299235214466,6.19456819806304,7.62050415939148,8.43377521332948,9.16788221450137,10.3878430170084,10.8341222926351,10.9774141339913,11.6167123624009,12.4170477071873,13.5892722635019,14.2278044024236,14.766657074646,15.3586134133305,16.9979445039653,18.0472071835824,18.5108856718804,19.6613464769656,20.3440979252907,21.1082270334831,22.2166467043662,22.6950159037819,24.0800890580493,24.8848351052346,25.7506272654799,26.8203636168411,27.9110990903785,29.4482949152606,30.4530968998473,31.2808337877695,32.095586897259,33.3535157440933,34.2060752084125,34.8202080600929,36.0445635775419,36.6628534295654,37.2664027435418
3.14596893007146,4.08550948493401,5.42153003903622,5.74121221140954,6.54738395523735,7.28446696755305,8.38922170995545,9.35527295226063,10.0543179084988,11.1498940918243,11.9215162550589,12.4854327893357,13.6320015926103,14.6172092607028,15.5072887948808,16.0019136596612,16.5005001058007,17.4608851549853,17.9689319488479,18.8091687640544,20.1285226311212,20.9677872755221,21.6315750708267,22.3533778060228,22.9660174552223,23.6680272071864,24.4083403978791,25.233569813532,26.3304026872063,26.9717986328983,28.21226049037,29.3150759048004,29.9640178579692,30.6699562235704,31.5672683099645,32.1366863642127,32.9046270028994,33.2792947429448,34.0709045893073,35.1421728082224
2.91644288638583,3.81766638382438,4.99307895456233,5.9157172302759,6.95079160422821,8.0115402304827,8.98396095334274,10.0907730993406,11.3338234637218,12.4568290067433,12.7853872894035,13.796998017567,14.839492310647,15.4797378094551,16.971512584887,18.7047552476853,19.9775639361493,21.5793427420237,22.3330244906313,22.8234918143344,23.6267673794799,24.8750671414534,25.5842478479862,25.6832453207313,26.6975640834967,27.2156472882296,28.5360135748958,28.9625016099489,30.1405239297416,30.9003426616374,32.2938795684259,33.3551759569345,33.4449516871452,34.5486313824176,35.0357267118513,35.0476394789991,35.8874614448914,36.5868534816498,37.5490054888307,38.3686232575159
3.42930540038955,4.46648851065992,5.68068843283179,6.30664206294143,7.59053278046361,8.47273181990669,9.25592968613514,10.9132771024514,11.8540434857872,12.6266393420989,13.4768398962038,14.5212366314334,16.2398900395964,17.3751705183638,18.2159091534487,19.4404902052659,20.0994227298385,21.3049534055693,21.8007173309409,22.7544362767805,23.6400045282521,24.2526846431488,25.422880313339,25.9903200836416,27.2776305844119,27.8228030576145,28.2537588459897,29.293378646294,30.2834770922382,31.4209103864278,32.3236820143645,33.6187441706687,35.1662219169277,36.0386977810546,37.1681416636936,37.7377950480363,38.1902795021341,38.8218955932827,39.2354627150107,40.3371012824988
3.27948688282168,3.9789931670139,4.70503560718912,5.96273010937397,6.88400032733879,8.04768565193685,8.69074408044479,10.3650835291774,11.708689695199,12.8483344572084,13.7458210719125,15.0206004158271,15.8323527790947,16.8539376341818,18.0929605228254,18.5886539804298,19.6643275982721,20.5931995333742,21.8280724093072,22.7482353291406,24.1064920830228,24.6731301016995,24.8952340763004,25.7884711274813,25.8468568386387,26.3110295942302,27.4692520977026,28.5219695656105,29.5467475037761,30.1714717274642,31.1621025170049,32.0424149744908,32.9880437049821,33.2729681031281,33.9083299210777,34.7227584746215,34.9203264762209,35.7415241027699,36.79732951468,37.1470838275812
3.01154574254947,3.9966306620844,4.74752438977615,5.67897330399705,6.20652765145533,7.13325716514273,7.87081817557763,8.84665587654386,9.64665250991864,10.7509369706764,11.3730398193057,11.9278829815206,12.5660100992778,13.4710111398001,13.3408450191795,14.0971225918147,14.8530702317687,15.8815904738276,16.5401112525463,17.8796882085603,18.2778383365354,19.8915759677305,20.5747252840409,20.9017697839032,20.86968503181,22.0480220784047,23.1381103796055,24.2040079670748,25.5507519427121,25.9872008970237,26.9741965311731,27.7204116349036,27.9954198027574,29.2270245519367,30.7764360593693,31.3332248491229,32.657317698593,33.5234517445552,34.0716636180336,35.3071627125931
3.71381214141538,5.1759366599402,6.1523081194499,6.95942917136078,8.01140993254033,8.81534981322262,9.42868800350393,10.5115097988095,12.053834665536,13.1343866733662,14.1442900553355,15.3971862796476,15.9902646024611,16.5171187464589,17.2642265172262,17.8483768088346,18.7432205648847,19.6108637498355,20.2133763523443,20.7834812831297,22.2970876343015,23.2639426702783,23.811598913373,24.7396741085409,26.3075358772544,27.26081933805,28.0226144122213,29.0832216119448,30.1874958121255,31.0903674704951,31.9421104001479,33.0660008297773,33.9973600618593,34.3025356214988,35.0981720210959,35.3326025498182,36.4498304909528,37.1331766007695,37.9721580814623,39.2299366959619
3.04584376360505,4.25838106160815,4.9448874274476,5.75938275083546,6.81956475147039,7.40321356046449,8.54603107763285,8.75693398671756,9.58470908782433,10.9277735478689,11.2914326252022,12.5524440066158,13.6371842014931,14.7007446952407,15.1829155867593,16.268699401385,16.8967954625344,17.8803441886694,18.2888946082635,18.9253579024507,20.2336932017911,20.8624587023088,21.7862577185353,22.7776005959402,23.5852375902996,23.8772185551017,25.2294888134626,25.4679794660898,27.0465283327767,28.56483033464,29.9601184114176,30.9274668544002,31.8232747758765,32.5464226894058,33.2675063685485,33.6117850006494,34.0702829206608,35.2803922705747,36.1998195730709,36.9224581179862
2.86026135381562,3.80330554651288,4.76675980581998,5.52074043895708,6.24029426210982,7.51066524032653,9.13698521127716,10.2241271747855,11.3103650602053,12.3767263216121,13.0580707784405,14.2467494205727,15.6365061056723,16.7925301800683,17.6480028829701,18.685170842781,19.489833727579,20.3057565667612,21.1154388410142,22.7938119863216,23.4007072997577,24.4533727713903,25.3862184792678,25.9717490905164,27.0904891794978,28.2752775165727,28.8406952421222,29.755550991239,30.9871979238739,31.9132390848627,33.3481178220593,33.8528240452806,34.6725122677421,35.1902359053822,35.9157326855475,36.3401938313591,36.9716238962844,38.1691863559273,38.5357825969128,39.509027160461
3.35512743835985,4.18333572658511,4.82326791430446,5.88364026593615,6.68430266218243,6.97252751791809,7.92061239598034,8.52022111609259,9.40013104685324,10.6166181124001,11.9420365323546,12.6177853610176,13.6841818339255,15.381966043111,16.0495480805979,16.7474165488784,17.0425759628577,17.4158254619351,18.0723343666012,18.743397861165,19.5893739272746,20.5284426324877,21.2377275249277,21.9132280685895,23.9444259389333,25.4094312017483,25.8879892317541,27.0545797847517,28.0638035092163,28.4519237564421,29.2283502285745,29.7787047806561,30.9790585300088,32.1444092467512,32.8311196785991,32.7331305755661,33.2047078581866,33.4318626846551,35.362599387812,36.4406777271233
3.47757810861411,4.06126336815626,5.30489508835305,6.29154937610621,7.15142820294528,7.98511714674881,8.85704108565426,9.71039787691986,11.3363673087946,12.3856904427609,13.0397865922162,14.7189810096511,15.553527821141,16.3366464926739,17.2717999901967,17.6507198431457,19.0791508994108,19.6581423232228,20.6824245437949,22.1125211629657,23.2427004462264,24.0557771505381,24.9521258262338,25.4751831582511,26.0781715590152,27.4695415339552,28.5654003830249,29.3325464581382,29.6898412655302,30.7352588892069,31.7738092305283,32.1929191894218,33.509610813831,34.4193602461923,34.7550358463451,35.7524448976819,36.3709368927045,36.8673851040422,38.3730198756438,39.4288736179235
3.64660708133359,4.84455827721214,5.73947166492384,6.43176272154594,7.47269199141628,8.29520620729515,9.13410147355655,9.92943300455251,10.7481195613874,11.6870805551747,12.6447162473627,13.5623374173595,14.9732503097303,15.5218015611841,16.0548421474385,16.679562707579,17.5150106669601,18.4935127043128,19.0603006529928,20.04791598731,21.2463401083459,22.3678229833249,22.6517012800042,23.5193420440838,24.7349756732528,25.5533679638409,27.1040905245247,27.5307749982703,28.0720545193472,28.6958143580057,29.749300275959,30.577968695101,30.7339809371728,30.6858057909986,30.7596074995293,31.4720727630387,33.0059866956163,33.2648445928812,33.3616924242759,33.9402444444418
3.12178728012282,3.75965102519256,4.82754783283774,6.21542320635061,6.73042980027537,8.05805378833049,8.95367022171656,9.87255994447634,10.8937009413658,11.6019028292656,13.0047783257026,13.2831036706873,14.0393153433935,14.7094716411573,15.2584394187446,15.8107244926236,16.7442528225068,17.473918735288,18.4707610507052,19.0100803731704,19.3560058304726,20.2748972513522,21.2251937197412,21.7073176758376,21.9074242040562,21.9763394751213,23.587109746628,24.1423011455955,24.2839169384278,25.0509517173615,26.1463380918567,27.2089941362109,27.9714916473955,28.7598288543571,29.6938534140512,30.7283919188088,30.9447035406302,31.6343774859036,32.1214126770127,33.2707780951925
2.97766646242628,3.91953682288604,5.08495637399029,6.31083482152455,7.38820288660159,8.62777671408634,9.19561515952228,10.3567937555642,11.5261577205103,12.4086124370333,13.7531512505279,14.4260939722555,15.4903965187836,16.4617398019994,17.5427631333721,18.7833321994041,19.6416607469263,20.6010295209793,21.1386515727552,22.3361992573802,22.8904627439422,23.5252127786626,24.0992319998432,25.5996596693649,26.3775649535771,27.1964212665008,28.1540974302811,29.1978968339494,29.624385868833,30.8502751380596,31.368107626981,32.4655285348715,33.5025800838036,34.1413828775426,34.1623220211598,34.7807542617419,35.0668269645652,36.4654801347911,36.9245075225007,37.7227900257597
2.36202521189789,3.01807578787852,4.1136909542369,4.76652071942204,6.21642558079232,6.85940114808156,7.56430768663212,8.9610837947787,9.8646632965839,10.7430052025683,11.470573258759,13.5594340605844,14.9138400901494,15.5380769828061,16.2653932600401,18.234922805734,18.9937733534785,20.2742951583711,21.5936082378096,22.8981502348397,23.9123287426743,25.4584604448904,26.6573451948362,27.3545819461027,28.4045151356267,29.6401500911096,30.3984880622857,30.7445575795079,31.7307147010363,32.6090663082264,33.3629758861349,33.9683780128093,35.0771409161399,35.4380414617243,37.1238974198463,37.8805106649944,38.7678012865192,39.6449045498169,39.7264684893894,41.1465660794713
