"X2","X3","X4","X5","X6","X7","X8","X9","X10","X11","X12","X13","X14","X15","X16","X17","X18","X19","X20","X21","X22","X23","X24","X25","X26","X27","X28","X29","X30","X31","X32","X33","X34","X35","X36","X37","X38","X39","X40","X41"
5.01367547000795,5.93042784922265,6.81752978063628,8.00238880018484,9.60247383386562,10.2300564514552,11.5904772799036,12.5306967593098,14.1023769562695,15.4086709799429,16.9824188223989,18.3735505491447,19.5148819186231,20.6575994235848,21.6507638341251,22.3372190347042,23.3482098284637,25.0555211027462,25.9171168817942,27.0607615171818,28.1015157118684,29.7921299965227,31.0837150688842,32.3924133744049,33.5297680729792,35.1328847277214,35.964407788752,36.9482825626779,37.7970926518209,39.2985255002318,40.3104574321532,41.4905295074685,42.5736719064903,42.8546267359729,43.3466596905656,44.5068398626349,46.0943796793952,46.5729560021327,47.4854220840439,48.4194084486211
4.59621461123507,5.67049776965284,6.9278760074912,8.16729537540008,9.5380346540767,10.608711190446,11.59294709061,12.7071347320716,14.3088163021987,15.4919920268913,16.4366955610525,17.4143486791566,18.4311078362537,19.8308851706272,20.850730153244,22.1753804747166,23.4324350671319,24.7697279279471,25.8710659217132,27.3172545239841,28.6792010065218,29.4209759040664,30.0434894079752,31.1951313348997,32.8779099312019,33.9476192784973,35.0182912692089,36.5863448480383,38.5203003084701,39.8761172098911,41.0439928373329,41.6929792978747,42.3129308910048,43.4299733586015,44.199681327843,44.7585105947502,45.7468929043119,46.5480270350738,47.5535482819841,48.6624227225494
4.25673211237781,5.56669958403614,6.89341481701524,8.04374714169077,9.38015692877143,10.4444155692284,12.2734099228898,13.8663285852081,15.3550429328083,16.9091105887382,18.46163696163,20.0481693345055,21.436685472321,22.7226795772596,24.0689311699847,25.3048274366854,26.0836234399894,27.998449763733,29.2903960295629,30.6324831700411,31.9625457588094,32.308490955731,33.3564069343917,34.6085751285744,35.7665267457912,37.012563019939,38.4468599755378,39.1471091881168,39.8457477997099,41.0281597509948,41.984043972836,42.5112757469258,43.0606867037273,44.1480827140153,45.8088425820388,46.7001688922648,47.3023274915542,48.2475930509571,50.0452161868397,50.9044141824523
4.65342546893727,5.49164619739546,6.38596092640734,8.00994508032555,8.98054802822921,10.2225342249964,11.8793717902247,12.8807658803683,14.3894479957426,15.2051974723504,16.279351821777,16.9086564226217,18.7544999378345,19.9277995543795,20.7385297953144,21.5798589443068,22.8166189058929,23.9389989870792,25.3904308282622,26.5998362963868,28.1889568369129,29.110881988318,29.610764015119,30.6579399218671,31.5709859862184,32.2665529763552,33.5173327895599,34.6953378950926,35.7491720706211,36.863522058439,38.0642799758835,38.9762302748198,39.5695504450937,40.331615732081,41.6421108820107,42.015970104019,42.3146534757687,42.9730711728245,43.4420501430987,44.6345512165741
4.8614443578425,6.02578179084114,6.69821678337668,7.91693565773228,9.17495640997047,10.6850460322264,12.4119922044549,13.4657129274617,15.132390376889,16.1810028336565,17.3105974801282,18.4686332594972,19.4670551261262,20.4183102710222,21.7734689043249,23.1753169126328,24.1349624844109,25.5119313085735,26.6945270492381,27.5971188130018,28.0009449617049,29.3814003614977,30.7759795427863,31.8971156945477,32.7645561765011,33.9441240127836,34.5168621443773,34.970301320838,35.9272399224989,36.8073791549898,38.0672881443699,39.0822571440977,40.4804591296211,41.7065069715227,43.4607923113591,44.5380504089611,45.2074472678846,46.2663881532216,46.8229693542662,47.6533862787297
4.42284295190921,5.48187071569,6.75355843892181,7.70623184283985,8.84584547855681,10.113512282101,11.4753333268277,12.6812829088403,13.982472633231,15.4943973614172,17.1260417580968,18.5716168187458,19.6611819578982,21.2520811054805,21.9940953844325,22.9398580988019,24.0191165033604,24.829292143009,25.8500260074943,26.5473247306456,27.2431110388557,28.1742071954994,28.665131308236,30.0804754290223,31.7153161104961,32.6885197361053,33.017419440944,34.8086576394663,36.304438209285,37.0356112985889,38.120099000797,39.1105901721761,40.0513587121897,42.44130935108,43.195711588163,44.6841380321057,46.1878876438977,47.7863571163688,48.8858377473387,50.4790391082148
4.48543878357328,5.34300001305102,6.39262549142291,7.84860931836636,8.99553809198329,9.92123645623583,10.7397505224609,11.9691934860726,12.9102474810116,13.8322309792973,15.2888586350146,16.4011794563322,17.406102406898,18.3679860157113,19.4738406220027,20.6979939214973,21.8664884778106,23.3181337149235,24.7928556339729,26.0554577152713,27.2083110521318,28.0387548699207,29.3100675651845,30.5756915605527,31.8526623331268,33.2519912644321,34.3801237934521,35.3966518558056,36.1060799801301,37.5559437346074,38.7208869740596,39.7632199214958,40.4508806686443,41.2928238021732,41.3351816301192,42.5766660363316,42.724245199179,43.2247095398413,43.9577573497479,45.2218966296594
4.8123348291639,6.24570823377951,7.11728328256787,8.7530712030901,9.78395310529091,11.0957931485644,12.6040392114406,13.6951380143182,14.7631248492174,16.2512324031474,17.3014303731701,18.9274921107968,19.8997494190443,21.1338237140947,22.0842994468445,23.8002925949944,24.9104960937089,25.8135866428286,27.387653411008,27.9881545397691,28.7178500847967,29.3972583006364,30.9593959658725,32.0079063311831,32.7248312363795,33.641984450764,34.7261577103351,35.7379539866296,36.1586315748625,37.9626002903443,39.3969008316522,39.730305717557,40.4203428929198,42.2430417759555,43.2780506066291,43.9858844007945,44.5280061297014,45.6586531562409,46.6850618768526,47.7273737329707
4.62762251229091,5.70971581144481,6.63506449653613,7.92028100908904,9.51748430179568,10.629867697794,11.8061934726471,13.0806215611388,14.1260279032513,14.9274664688916,16.0015285148423,17.5152809160322,18.4792217262774,19.995216529235,20.9893640353824,22.2041312996398,23.5870379731841,24.4435031409184,25.5552088641769,26.1834272581069,28.072305402456,29.0488680750582,30.687033218163,31.1515937023871,33.0388331441792,34.0168557347919,34.9378674913543,36.1154865500496,37.4739078565528,38.5187176924017,39.7828915485909,41.6719386716209,42.6936997362916,43.5553797528375,44.2178441199269,45.3868694656487,46.1632621029522,47.0125756127634,48.1484781690907,49.4386547292758
4.28242879509093,5.24599840560975,6.54707699155353,7.74050955998761,8.92259760026897,10.3166634750516,11.5663784069493,12.632912090695,13.9373619612199,15.5952067696283,16.2383737130153,17.4965364212917,18.8843340347097,20.4257415590051,21.7187991380324,22.7297016317414,23.9310289589092,25.3512035475174,26.348624085719,27.2268117303048,28.1754521133434,28.9935466629107,29.5636462817939,31.5229661041839,32.4439682353496,33.4906023662,34.7135736147933,35.4729769533495,35.9685121663824,37.3032025358419,38.7560577827944,39.246493658437,40.7145433079034,41.9296110451472,43.1654378689211,44.9179764988502,45.5195059353846,46.0556094005885,47.265634232495,48.2242202970204
4.46274494081801,5.73738195540254,6.85068726905546,7.91376297639834,9.05799299827459,10.1173266562921,11.1639855485155,11.9997782112915,13.1492143352445,14.2539645878269,15.7621987511301,17.26856359049,18.2493332633155,19.2331085328841,20.3204607984902,21.8996154441026,22.5648584120857,24.2286272498132,25.0523486108157,26.2632027867635,27.1872762353736,28.3554141058556,29.7035773960786,30.9610855960346,32.8890915375361,33.5585743362815,35.4975069288238,36.9368090078921,38.1786100869428,38.2719577780329,39.5305699000488,41.4861264352652,42.3026114307965,43.3295292338245,44.3879699878576,45.6604018734273,46.2209340896131,47.060734071086,46.942504827265,48.2420694162005
4.4345704908473,5.66451926872655,6.76704141307107,7.90388617144221,9.01325066824761,10.0494207226118,10.7505146669035,11.9117501547034,13.1230785784463,14.0481942491078,14.9467345563362,16.4353239160627,17.7344790863874,19.2081362484456,20.7714567390127,21.3039483812595,22.8992083080441,24.0630213878016,25.3087637526711,26.4520487775159,27.3053841077935,28.3421107460468,30.2538146932135,30.8302609269903,31.7045592722743,33.3371903537684,34.0460269525739,35.7815668335425,37.4004506866224,38.6428990228922,39.9940168830626,41.990907706236,43.1856788956334,44.4837570991366,45.6699396909382,47.1155409815017,48.0224836567905,48.9104376020611,49.7208375847595,50.9986592124133
4.56971103292822,5.51235308035131,6.6993211282614,7.85441694881858,8.98435635094402,10.0980970901575,11.7169148398414,12.9738319680659,14.1797874717164,14.7772550066143,16.1633831355584,17.1744290386143,18.8432677217683,19.6797548885505,20.4273300887455,21.7455359385163,22.849965346342,23.8377443755455,24.5622503327451,26.0048618256684,26.7849019701115,27.9785728900631,29.1094085324512,29.9966782156145,30.6710052981423,31.9483790175806,33.142363542422,34.2674894406989,35.3073245769571,36.3540011856855,38.0839914634404,39.2155052917345,40.1873241251593,40.9202387185279,42.4332734458212,43.6771301382879,44.4901604840561,45.0273603173723,45.5426250632977,46.5792590814745
4.50256285489112,5.72652131192021,7.08337784995913,8.34611686655993,9.49551402316865,10.6508521709238,12.0790832721357,13.1464806865631,14.2228489146664,16.0035796839793,17.1963124768666,17.965452547791,19.3142727573386,20.306954753907,21.3026143690491,22.5040909490946,23.3460675434115,24.5138201603684,25.526741191062,26.4201531366264,27.7983107680721,28.9022304061306,30.0228883784636,30.8743740824708,31.3332254665565,32.6826005140265,34.0369406965356,35.4435405444804,36.425644256835,37.4875262983828,37.9580769628819,39.3260890494225,39.1275811482607,39.7876671996164,40.7771535591851,41.2079857651129,41.7252448670799,43.0019957402874,44.2929665623739,45.1181419481308
5.34129090956018,6.53738523915627,8.07004889250031,9.6787777112165,11.1378835382183,11.9639162134969,13.1873424066214,14.4656770253383,15.7142420772407,17.6292960790231,19.2706909297168,20.3220310955289,20.9816676765265,22.1474156116452,23.7235189134299,24.9213956218141,25.875445700276,27.3674946512551,28.50454721398,30.1800593779823,30.9740458981689,31.3997285674766,32.8119038066196,34.4185774245386,35.4365150182911,36.1706868702286,36.5961324038518,37.8351788657081,38.4996573574804,40.6443142955453,41.7667660340315,43.1290631787554,43.8035639467162,43.9716388347625,44.3857727317998,45.1822484867442,45.8589375135841,47.8465931321182,48.4293747165332,49.6811413170338
4.39027666267594,5.44441695699377,6.52415356588255,7.74167962350324,8.85537049531099,10.0909155526722,11.5154481178835,12.7958311606086,13.9853056016481,15.4378724614023,16.4409526341539,17.5840220375978,18.9397319045373,19.9230701555006,21.3835911130484,22.2111040093329,23.4260607890687,24.9515515703217,25.6437274558996,27.1824602687523,28.1220874802009,29.427525047936,30.4360078808859,31.3535144048361,32.187697966886,33.3471081217592,34.2395040762125,35.144104165194,36.5983910584932,37.1614802425621,38.0457773686355,40.2479628423262,41.3232491109624,41.7948799397715,43.2922873770191,44.6839550219985,46.0449912096608,46.7689017517181,47.6458894799993,49.3188421204744
4.56826537618937,5.73824249712473,6.59926678701374,7.76164176011241,8.82033554357817,10.3311264599131,11.5066452327487,12.7266185383569,13.8884819919981,14.9301065900303,16.0797934506217,17.6119593859129,18.8044375551604,20.1165437722281,21.1150453766364,22.1445538989136,23.4588858964307,24.5659499065598,26.1932876265667,27.3933769830741,29.1317646545508,30.2932229848364,31.2312681781985,32.3289285221676,33.4371283630395,34.6235385784764,36.141946245406,37.0620322230231,38.2408939805938,39.1296101470336,40.1461073663411,41.3362520078105,42.2905348465778,43.5934699756501,44.1776301025167,45.525184068732,46.6318644564777,47.4940035744386,48.8295099682664,50.2705065143678
4.55470422808074,5.54193940611619,6.75176220781747,7.9819750758041,8.92638993421488,9.81023040970028,11.0736615156638,11.9973465538108,12.9231376269801,13.8928801564882,15.2489307349349,16.4530068107165,17.3446999791249,18.5953219677021,19.5551527231618,20.7084950045481,21.5970961785642,22.5792563178783,23.9051294099841,25.2875270350122,26.228145519696,26.6795875168271,27.9373333693235,28.8783639992285,30.4597996947167,31.7727819121102,32.4055239648016,34.0172278862626,35.050860034692,36.236713534714,37.243953830818,37.8846143484993,39.1897021080187,39.957206125716,40.5968230462733,41.6770972955994,42.8324754374674,43.4935611166053,44.6180479529393,44.6927605662232
4.53417454916095,5.87973969638502,7.15196168211889,8.19899978857205,9.40674383137416,10.6071742715969,11.5768687382332,13.1548564233008,14.4873878425336,16.0520454754889,16.8025346643603,17.8130760921951,18.9739981005091,20.1942150656139,21.5462019092609,23.3255276082781,24.8692486865085,25.9852114361974,27.0695211437805,28.2322818513869,29.3483004850258,30.3459465261072,31.3692447801323,32.9760246403644,34.1874062983847,35.2095786730056,36.076492614812,36.9974172832883,37.3454275712624,38.3569918634708,38.9506290422414,39.5621892811367,40.9964948039633,42.4760931421133,43.4152863643187,44.6721653789093,46.6539899855021,47.5320051303281,48.7916624237119,48.9883969315534
4.32226111198906,5.38095799532609,6.29828674836005,7.00728047753769,8.34483520506124,9.41941937934263,10.3673912903168,11.6011381497396,12.4775879632479,13.9890906092449,15.4812288011238,16.1376220324832,17.1530091131062,18.3005370206303,19.6803181017794,21.0852495206124,22.3996415334259,23.6960320396401,25.6909115756003,27.3113740546952,28.0205451250934,29.1110807326227,29.3660334401359,30.848982363357,32.1742819231278,33.116822777398,33.8982874818501,34.9155911733052,36.3143052257043,37.792873189208,39.2073753521266,39.8819813580681,40.9728839372773,41.853190376653,42.7368920231988,44.4476066196936,45.598960835682,46.9299482113453,47.7598250962169,48.3841238008309
4.31414835770075,5.37993800975361,6.48932592415817,7.90530893224854,9.47833769277602,10.6691428599815,11.7473752100925,13.2178024955097,14.220865222818,15.6551652790677,16.9554382095986,18.2245281318522,19.3389605686119,20.2902198337588,21.583470579924,22.6931851375211,23.9285767754383,24.7926543745132,25.5597912937798,27.1727212355562,27.7601197538515,28.6695521408072,29.2234452539023,30.47415123104,31.91137074151,32.6157154955274,34.0916230341348,34.9610308330285,36.422912399226,37.8012785570491,38.7221680428076,39.7956618739464,41.0454132917026,41.7424261369449,42.8474480387549,43.4801947108807,44.6305563855467,45.6667930552246,46.0585791437704,47.0405408786822
4.47108756483998,5.92480856675812,7.05981361210394,8.2017435710859,9.71505495650277,11.3785252958351,12.8045512109362,13.7220920922422,14.7119547707688,15.3456967003601,17.3673750043112,18.6630991860894,19.5712321879518,21.268754418766,22.3266353536978,23.4690360762612,25.2621355067074,26.7479263711486,27.8464554396,28.7022541557814,29.8951239367931,31.5243866890452,32.5850666202614,33.4711471659812,34.0291125393796,34.1739371079664,34.5671305002591,35.366377102621,36.4306752956348,37.3560317895983,39.2746845568795,40.3050511068873,40.893679773828,42.0663328470024,42.6115984820573,43.6617664491635,44.4664159082882,45.362344388163,46.5845021690197,47.8355956678077
5.27873655431561,6.37892458858975,7.61056201036518,8.71429236561887,9.73728209525603,11.2236859794359,12.0986945974759,13.1052073425079,13.9496724845149,15.501605435703,16.996470576601,18.2107127561068,19.6948099984193,20.5614740075061,21.4359662807885,22.7675958855116,23.7455328041221,25.0736405472709,25.9300278159877,27.7313422751335,29.2382009102948,30.1702076878547,31.9797611415318,32.8600587974016,33.541012306109,34.0194575553658,34.8856276611139,35.9976375645995,37.1102804298156,37.8514752985419,38.0121243545094,39.1747343642254,39.9174624291718,41.6165182570837,43.2756348444019,45.5785821903416,46.5833592151098,47.7502818673389,48.2387245623901,48.8995709244271
4.5487230865792,5.67100827551528,7.0071071273303,8.12783569690452,9.44811396099996,10.3926034483759,11.8850201892298,13.0838017477526,13.8775883352499,15.3473047955658,16.4100241538143,17.5426785180336,19.1229066706214,20.6442619518374,21.64283143933,22.5775834956578,24.1031878641868,25.463365535486,26.3793007239165,27.3265466792247,28.2075221215816,29.3066704832866,31.711844105946,33.4828514149362,34.4586943014033,35.5456028608558,36.9634397468206,38.348065394366,39.3951850888337,40.2515347394792,41.4033987583209,42.9868318437061,44.12623502694,44.3955907298768,45.5725573601326,46.2792311210795,48.004022856518,48.5125741997708,48.6572039202638,49.320794532573
4.15187531390758,5.35169696877891,6.51492597638182,7.73607565495694,9.28195111852946,10.704150877194,11.6611131520888,13.1273782259194,14.3478858703925,15.9722245751245,16.9635771593191,18.0920986193596,18.757919186376,20.1307462711313,21.3651682267394,21.8784638485041,23.4443135123212,24.763848598501,26.2629455798973,27.441931377416,29.0536612353025,29.4706269200512,30.7883999581138,31.8582858540496,33.1246673083789,33.5769555421775,34.4462559972117,35.8876812211854,37.2026509749334,38.1844580183637,38.9257509329773,39.4354828102822,39.8997158891425,41.0764832729092,42.3321742581197,42.938374503491,43.6736798103247,44.4769079225948,45.8116605630741,47.3630121230983
4.64644541926219,5.60523443827321,6.71049866062408,8.0249206516005,9.35083928150751,10.62488111491,12.0360635223311,13.1230032026506,14.6136286170623,16.1486636671918,17.2126046064266,18.5789113788271,19.8366252457522,21.0912847076242,22.2260195037408,23.2129006170942,23.8000333594679,24.5555105427646,25.7924425664176,27.235395910091,28.6642847522278,28.9745835937305,30.3607738637189,30.7514835240136,32.0732137193023,32.8725443030001,33.9714124723349,34.6227402667346,35.1456537003205,36.0212417338551,37.5663626764411,38.3039434296142,39.0886909376491,39.9095687552979,40.741836270011,41.7694113908784,42.2046104884544,42.8045016821516,44.0030126123104,45.1105134234155
4.61833368791757,5.57675360494351,6.58921531011724,7.6886135552187,8.77046173019984,9.88643372563871,11.3278033177624,12.7212333479143,13.8836063302004,15.3127539337286,16.0330258326922,16.9523441820177,18.2936243496833,19.7280346057929,20.8208384359569,21.8993912596059,23.5021437920399,24.7691506865429,25.8908135814418,26.7698445697824,27.3448677192093,28.9378740478935,30.3239919182139,31.2255394842186,32.4322748506024,33.4379258515145,34.6394390450559,35.5523301497586,36.8934807911867,38.5315389617188,39.2236252200056,40.4337436699689,40.9309172450681,42.2987566965322,43.032918404751,44.297332508876,45.580092571751,47.237318045497,48.2540044651289,49.0625996583532
4.96142471721613,6.09273345000982,6.91781949365641,7.87675957963012,8.94419625276089,9.90341086185909,11.0464792288051,12.4124837675599,13.4155660136288,14.6616303842166,15.8623188815318,16.8494450899688,18.0883200438374,19.4601444564421,21.0153958671519,22.2598996483102,23.6866935756806,24.2425307253474,26.2867879855295,27.5269891473331,28.4049068815406,29.3542659571769,30.3744805816577,31.770854352566,33.8673718312075,34.4637229620815,36.3715211946044,37.5776431692917,38.5346088604792,38.8079395928812,40.3148698619092,41.8364043572373,43.2251013361141,44.0308504585341,45.0805017254049,46.5482610235683,47.6707192478525,48.9510848350964,50.7886189326389,50.9386035305499
4.66760059571912,5.84255966770976,6.93232173413835,8.22431171327023,9.33317232435138,10.4715733076796,11.7099377449182,13.2114354804931,14.1798244153007,15.5633551128964,16.7700972571306,18.5006308602764,19.8225705802947,20.8178780646513,22.3037752086709,23.4692698485604,24.556079876029,26.1593202302401,27.5266769303763,28.1828014540232,29.8490816315716,30.7577435277766,31.4398907965305,32.7775277119102,33.9609902283877,34.6560047531278,35.5364003151462,37.6313353965081,38.4755487766288,39.093498100506,39.7884799778474,40.2903461375435,41.6378065381566,43.7853976366232,44.9083936641341,45.5164670815152,46.0516964826571,47.2226869615872,48.163413004094,49.6488804407385
4.97783748250742,6.52855686444862,7.80725993142358,9.18422531947845,10.2950146337553,11.2813934577669,12.9423961271491,14.6529128279818,16.0145176507046,17.1145333773369,18.5504732218239,19.0788953846744,19.7164073498898,20.5657186659579,21.9303641438334,22.7921679752464,24.2557750809165,25.3884542446303,26.7308887694285,28.098145961846,29.0055512170299,30.2184128871842,31.5527672688747,33.3056087645498,34.3722943869351,35.3726492974907,36.411835937063,37.4124026832061,38.5819803394588,39.5444954273078,41.0302034698176,42.4155173892899,43.5931491868939,44.3437176144986,45.6769962032322,46.239903380615,47.5544154987952,48.837227674944,49.6016231968789,50.4362958186953
5.13285608194554,5.9554719832558,7.07591326322176,8.01983494224366,9.4009729450357,10.6676491082689,11.7120361560513,13.0523879591609,14.1248751724034,15.0673755930813,16.156297085768,17.7824659928534,18.8619519368682,19.9387637935275,21.0391548685996,22.7014076382932,23.5176518139688,24.2777526382119,24.9774506835877,26.1029448379524,27.1455918946672,28.2923823178117,28.7190732203362,30.6237820207183,31.5894558411437,32.7965094098143,33.8143851844425,34.7562077662453,35.8933754853139,37.6061869632061,38.334046942421,39.2688502029296,39.5311401834717,39.8718730589053,40.5390694869393,40.8653253430345,41.4587206155661,42.0543011285683,42.8168863383066,43.2295458355675
4.5124307654166,5.62309915568408,6.52219549770723,7.72158355830929,8.7123505721989,9.9343520577007,11.2026504315136,12.6103624205903,13.9924958026341,14.8992184282932,16.0402840605286,17.245042796303,18.8850456710495,20.2833425808788,21.3726626809363,22.2568909702921,23.9463536545276,25.145386616084,25.8006846224882,26.6403535242682,27.6427415795993,28.9385057218031,29.9225690608968,31.4849064748389,32.770811070888,33.6119297246454,34.7248784974978,35.4380269158605,36.7782064872446,38.3668130570398,38.8956326903906,40.8621360939409,41.7987956651727,42.4887858665882,43.5028458448625,45.0830073561859,45.7513442425923,46.9814682587001,47.3132942815085,48.4746575965123
4.64686785551274,6.19886850724425,7.51778508324006,8.65115559100103,9.65464079809301,10.5762857380308,11.551185854415,12.6852571454015,13.7535740959085,14.9879396737316,16.4029161255184,17.4304618073048,18.8862190770826,20.2210007251857,21.2500478417456,22.6684811024325,24.0448671147717,25.1093641907884,26.0903111305736,26.8211530522525,27.2963519890745,28.7917674548283,29.484664066347,29.9078015820328,30.6266895536331,31.6871526551774,32.670650318477,33.8937428185034,35.1289353805138,36.3870570582662,37.9053346824428,39.38107795587,40.7029434520546,41.3648609099211,43.3870725866898,44.1538186008837,45.0360996671972,45.9667410901991,46.6471653359144,47.9657703957836
4.15758656923127,5.37053829445817,6.68778235585882,7.73720103411032,9.33383552492632,10.9492772664738,11.8484745251446,12.4944993657968,13.6614245579789,15.1303326511303,16.4208942750401,18.1341099315537,19.808044771801,21.2251205239209,22.2279397567109,24.1825771277939,25.6620706339374,26.6133304258806,27.2972773011883,28.2970199640646,29.0997126957214,30.2251648688227,31.2924489963177,32.2111178591644,32.9705555476988,33.7573306280926,34.7964153375152,36.4855680356805,37.8879445543964,38.156442669082,39.5335873880362,39.0649607312816,40.5347725545739,42.0606279171751,43.693731388612,44.6784231994339,45.5304313514726,45.9554438425193,46.9189890040731,48.5302205329318
4.54392964837247,5.6036884277655,6.89982446974442,8.13046442122985,9.3693725342203,10.8080524482163,12.0552489818168,13.1119782590669,14.1125942763013,15.3055099197319,16.6621864952552,17.598025273766,18.9794718537239,20.5334100254446,21.7208020051148,22.5807025595008,23.463110327624,24.8378887829515,26.4999972559721,27.6935240269776,29.110222695176,30.6347379034592,31.9411091819931,33.2836918299925,35.2908139293973,37.2108859812858,38.2088784446143,40.0038379218707,41.3282831542483,42.7640467846367,44.7672176476738,46.1063034360167,46.5396106322796,47.7457388164988,49.5366091588593,50.5450127164065,51.7623028551219,51.243138872501,51.614536815323,52.7206866281066
4.47933144794943,5.92876165350633,7.20275986260505,8.81522118203524,10.1944886922891,11.3460777319049,13.1773799502512,14.9445821898798,15.8268232152004,17.2238383152914,18.6832823855428,20.3352092153614,21.530732907832,22.6501249912062,23.8731058504237,25.0998357343067,26.4375935115918,28.1192736939785,28.9326455164822,30.4694070991894,31.235046260703,31.9683578941758,33.2572561678584,34.4641907411301,35.3362869940648,36.2428005473893,36.9455822491677,38.2875878153955,38.8127001025824,38.907693982709,39.8802861412562,41.5451179675547,42.6835607515992,43.4677898402933,44.8553666612007,45.6914138464334,46.1517394744658,46.5961322150422,47.0120739231739,47.6715121992771
4.29475172848969,5.32269902794168,6.75000753983285,8.54284776804539,10.0675268861345,11.1526315903595,12.7399422545206,14.3007207821625,16.3454207527654,17.8503795059036,19.1996602744384,19.8624053329514,20.7586965686961,22.1101049875938,23.5347515743749,25.2319171464111,25.9113894297715,26.9250658401507,28.4690367014457,29.2300905306327,29.9569329601332,31.2962998641055,32.4638180149282,32.9905458754686,34.3204423018019,36.3801438043545,36.9864537460608,38.1621910907212,39.312995825161,40.7748812725793,42.0100153557577,43.0211517468691,43.7730295301363,44.6735541948963,46.1494425738867,46.9934772094312,46.9422977154856,48.9199581152963,49.2699406231176,49.7228796400458
4.67059295021634,5.89678814775471,6.92500522797098,8.0533499776151,9.25551070746063,10.6338281455771,11.4357288159013,12.4662291589035,14.036166388473,15.1635908922884,16.3744087585782,17.7264266726087,18.9725684268247,19.6996133515075,20.8148513643878,22.4497201979104,23.6960058248037,24.4974917744655,25.5284879833511,26.5152520118875,27.6197645220706,28.9070113757158,29.8994061834353,30.9131227456697,32.2170492005757,33.7029542157788,34.5419508897817,35.5734674974122,36.8679004339432,38.451619301793,40.4407460733408,41.9140392316963,43.2456753350407,44.127290860014,44.5714032313739,45.6286849234668,46.7291115749197,46.9148940881338,47.5219981026395,49.0368818621047
4.61013056352341,5.7299912805392,6.84334788656741,8.21505124275282,9.31374565379597,10.7697959507855,12.1904914140512,13.3104339853606,14.4406233866917,16.0657413815768,17.0713053872511,18.0524682323856,19.4725472490681,20.8592689658039,21.8199421120269,22.8299467975646,23.912130709023,25.0035068514776,25.7292422162879,26.871486584855,27.6096072345409,28.7516394399671,30.2076131559366,31.6364831594851,31.9656978819203,33.282891897621,34.0113475160815,34.6343335769344,36.0068784952322,36.8441612003414,37.9866344152964,39.3342734367995,40.1164721297738,41.3569566353266,42.1150211118188,42.9476537901584,44.255261995714,45.462219890735,47.0353768521163,47.5950708320975
4.1526009846815,5.42653929256516,6.58659177583374,7.5603135416624,8.66149016441595,9.72654507222297,10.7767588928795,12.168967406393,13.4379410048546,14.4379863774426,16.0562632767229,17.074760495937,18.2937252872537,19.6068242893987,20.8642245172591,22.060648992916,23.198511858569,24.6496633124018,25.5068185818523,26.3408518687154,27.1581165074537,28.0552652419217,29.4600154304291,31.0314033654472,31.5885703823697,32.8374064620515,34.2837473812704,35.9615461345695,37.3678642273875,38.4773862769393,40.2154934132006,40.5416993361579,42.3009827995374,42.8376459689392,44.0190997959716,45.2005137772916,45.5836231236298,45.9981387584289,46.423808905634,47.7746329745585
4.55788052109721,5.69571006783782,7.23142396564352,8.26719639887407,9.32181146829362,10.485160514725,11.7081206021099,13.1492197546802,14.2431149107463,16.0961577943432,17.2800797079825,18.2671830833352,19.5312583950919,20.8989890823096,22.2792198396933,23.0102486034193,24.1680888090132,25.2385168231234,25.4279148646699,26.7672581255153,27.8472817824935,29.215948172372,30.7840664812114,31.3323807326625,31.927541199971,33.8114612638025,34.9923560612101,36.2424209018951,38.2172057399081,39.9863424413854,40.3084256088302,41.7802080743339,42.3796774496641,43.4624040976061,44.0563044865872,44.5302902105917,44.5870744550269,45.2961195192731,46.5225191484242,47.2826195306151
4.68527487294613,6.21373889601182,7.47708194078434,8.96282016498584,10.0671110789456,11.5708995217514,12.7427795425275,14.487076293653,16.0893218312301,16.8810330515854,17.8596451878549,19.1236831753275,19.9842519168457,21.4274399593688,22.9177968368436,24.4450913264504,26.1210398648519,27.3611053224151,28.9102897233184,30.3427321953767,30.8604689696272,31.9715836522583,33.4471305926889,33.8461107260394,34.6342581628763,36.0179917971883,37.4847262755703,38.9715418992734,40.2045665306241,40.6707074252988,41.922755171845,42.9147597799939,44.0241073586383,44.4462692453287,45.6563394866717,46.5395195110908,47.2267368005754,47.8373844742698,47.9963845863289,48.397929647805
4.81840148954663,6.29786756826686,7.45941798187932,8.49398438189027,9.60265878409035,11.0165279135508,12.1236366111002,13.8916708124962,15.2212371071811,15.9951827332782,17.0810217497924,18.2207569079582,19.3068293244733,20.1345152477397,21.5532920280008,22.9302046550623,24.1275201732082,25.2487779276992,26.8069751532345,27.9889560590608,28.9546753384565,29.9631602627381,31.1699825860106,32.6969173262532,33.5694361679892,34.4189273936128,35.334884560002,35.9131699185505,36.4069929375345,37.9131643674584,39.1717424382831,40.143322355785,41.3540423202265,42.5616161352123,43.6370772593049,44.2282959681309,45.8264206532475,45.9656733501165,47.3177496514076,49.0188397998123
4.40994063266868,5.68682671371496,7.24235863521464,8.37728696411165,9.55828879104264,10.9946458192558,12.1689258502299,13.5941985348847,14.6933434469678,15.6776376924799,16.5815454763483,18.0488708494165,19.426850814963,20.2945356084054,21.8449780812239,23.3149814071608,24.8434735768645,26.0011580301889,27.51717533994,28.4495655849349,29.3719062274677,30.3806518201873,32.0300402368734,33.3281726221152,34.2160931624897,35.8391057606246,36.9830302668121,37.4921485460097,38.2180580509887,38.7396951054631,39.5787015414786,40.0673982371193,40.9978032224111,42.5697535333862,43.5079408868342,44.1158206192856,45.7571451471828,46.9980808096363,47.6848317012962,48.7397834354294
4.17893225813009,5.11574453103577,6.53732781753213,8.18473273558001,9.41806775997725,11.0327568042253,12.1030847740559,13.5262935768906,14.4484852799049,15.6468049186222,17.049415396203,17.7693409328596,18.7751036507279,19.7524592260548,21.1254327038302,22.4204962158961,23.9041873078522,25.3461371685364,27.067731434146,27.5050214649324,28.9348622750223,30.1861522557497,31.1760394422358,31.8466741836125,33.68147264952,34.6750289566339,36.3109016914696,37.7538872089915,38.8795225355662,39.8961929701332,40.6730043312568,41.719466711306,42.819562695862,44.5241938553571,46.0457319428227,46.4026600239473,47.0930603537331,47.431661881947,47.8846952501139,49.0965003248397
4.42862268620338,5.70854672373038,6.87190661879285,7.84085242506575,9.1478183146658,10.436374235449,11.6137191626078,12.7737560200721,14.0498793322357,14.9731910259176,15.9670912742804,16.996468777483,18.0584039998244,19.4069542594493,20.6683662937438,21.9358137028138,22.9610544129568,23.6632931867355,24.3232643302541,25.1433222707033,26.2212659071296,27.7725578591297,28.7585409538316,29.1851727708567,30.123190425074,31.3526792231693,31.9388010607536,33.4636295960463,35.3813277938916,36.3905712501607,37.8223761597801,38.9439643528684,40.4256740273994,41.2895102791963,42.4433785003273,43.4749128830112,44.4350160202943,44.9025153888357,46.1648325883955,46.3971254334104
4.14475196781971,5.35236640445214,6.28193974152357,7.41357914700856,8.86801307464197,10.1757893253738,11.4944810951208,12.6451151155982,13.914971964234,15.2110300791227,16.3911844137363,17.4256402654052,18.4716959494617,19.5808935303878,20.9929862849462,22.1491769429335,23.6570970609198,24.6117028437174,25.5809723672571,26.6285680840472,27.5695399456329,28.6168566364455,29.8198116736261,31.0611394245695,32.3200001721126,33.2547233021978,34.7791164607074,36.1555284542558,36.5835081772208,38.4512864625473,38.9257037291651,39.5613220311536,40.4881067613521,41.2962049153716,42.5934056393542,43.4229556414203,44.696717320851,45.6368063355102,46.4282970030417,47.4100895606057
4.82046982555585,5.69208789882486,6.69559985332218,7.73009101227321,8.57172949332739,10.1769773910303,11.6475033148941,12.6858904641287,13.507765194097,14.3992808861141,15.4996216151032,16.8190373588936,17.872679697719,19.0507613777635,19.9747674488223,21.074170373748,22.4960859457109,23.935871027097,24.8939771467212,26.6144725852053,27.6942101447655,28.0941027894225,29.1499042594256,30.2203929374189,31.249577351083,32.1342583480776,33.5414122909584,34.4561397152278,35.281532579256,36.8298916642646,37.7915399066325,38.856289835803,39.6958345567181,40.9930060082085,42.2783925442175,43.1901278438195,43.9289479136909,44.9607661295467,45.7689273276758,46.6899698251616
4.71679576903877,5.54936509133561,6.57180534051622,7.91215698253947,9.25646187344988,10.3005127861718,11.2437953465619,12.6093686081899,13.5741879766608,14.8673643122286,15.9525819715943,17.3491662203735,18.307010037045,19.3334923139585,20.3865703942744,21.538920536593,23.0585364844954,24.3009438857809,25.5725844127108,26.3521687200423,27.7682337809448,29.2408158014266,30.5898098645559,31.8878585406882,32.9842929193797,33.8044232290061,35.0227642744811,36.3501182881767,37.6350779561656,39.1531088815297,39.7408651948622,39.7628060609159,41.3053819564206,42.4683610921081,43.872405915904,45.123496566701,45.9511138802291,47.0316827575611,48.2360429095972,49.2939443761373
4.61798408194193,5.6221683089624,6.73533916657204,7.83821825273485,9.03555245942506,10.2042485360508,11.8874476436488,13.1490152023738,14.1080701176797,15.279038145663,16.5108815138813,18.626059791232,20.4398710906193,21.8547612258411,22.6710811290819,24.0946907989096,25.2433867625567,26.7462013981322,27.8056113533378,28.5248045362224,29.6657776756192,31.2028173228544,32.2555416642083,32.9670857665661,34.1926635512853,34.9330749158922,35.9251120950075,36.7617979695068,37.3763227759726,39.2063344834372,39.9559063485671,40.8455159642653,41.8941803052274,42.4607707955489,43.0033699041982,44.2080865932634,45.2622825481049,46.0874802988883,47.4394946667223,48.4138068060215
4.46390082003011,5.55586745302469,6.55242908684453,7.56438789241615,9.02507562339287,9.95002573937068,10.7107962569764,11.7909569930875,12.4791662134362,13.7733957580131,14.9032048205085,15.9689994155981,17.0968685030315,18.3244642000064,19.335315962837,20.4317569053853,21.4376413160386,22.3582078066277,23.367508352062,24.5650510725214,25.5637693049818,27.0406509322646,27.4704124691432,28.3096935579952,29.5551955445795,30.5121982907503,31.2973369554735,32.1686580252316,33.3454238698721,33.7150910093928,34.6739766371869,35.2816672693064,37.2902936855094,38.2388863957406,39.8783729984773,41.1637204617759,43.2073472982823,44.3980277458292,45.3381253768299,47.0690846752912
4.56241449251384,5.91774228659006,7.10231763263066,8.10501758591934,9.07946614359354,10.216799269963,11.7700817427662,13.1585232559646,14.2097627632977,14.9775471445818,16.2109702907503,17.3949114678338,18.6679009848042,20.0794840855116,20.8108712248159,21.5992594496945,22.82707230722,23.6333589926976,24.5820238390524,25.5609719094888,26.9026548757593,27.4858066493796,28.7676732075804,30.0480787234049,30.5327777937384,31.3191320930748,32.6662537928629,33.5337861676824,34.6987583431336,35.9779576907411,36.6797500769363,37.7521740147862,38.3130602213239,38.7464652056345,39.7371301644322,40.7206655377975,41.8150366108879,43.0779372621928,44.2168917446903,44.9315561578872
4.41614531895593,5.31024313371429,6.35631962922861,7.63998309512433,9.18707848503914,10.5556646324553,11.8734338392863,13.1720705989971,14.0991883135023,15.3817855976905,16.5019356550184,17.0192604456638,18.421859274274,19.55364956659,21.3738878126881,22.4263594710854,23.4868250672006,24.5271509375084,25.3727854025356,26.4130200572819,27.2625064757766,28.7991172706943,29.266894775058,30.6034193205661,31.9310815064728,33.5021006969533,33.8406415585025,35.1843875398044,36.4936344591819,37.6332616618004,38.5466200806989,40.0405232597999,40.6616945617583,41.7928169849255,42.4832666992508,43.2261646239112,43.5996008852147,44.593098721784,45.2705285320911,46.0412254570535
4.68399071728282,5.7422088989388,6.8888802263541,8.07435497005033,9.74010154800675,10.889585483715,11.9507561767547,13.7200246522693,14.9976012906286,15.7297308182213,17.231921635946,18.292287773542,19.636616770496,20.8995517558303,22.4807061063945,23.7347840549313,25.0790185508744,26.447887136166,27.5899578478601,28.8634512605989,29.7266638005937,30.5514688745703,31.3482060786245,32.6819821782541,34.1308735898438,35.6448119630016,36.7709637877007,37.1511066965115,38.9575329312746,40.6514350247222,41.265506832666,42.1683162589734,43.8103114859056,45.375584519471,46.1782420487144,47.2076663013863,47.6814848541247,48.3153278790563,49.3879934701623,50.9058215754187
4.22825660294497,4.95237253628416,5.9750335984595,6.97636605386568,7.9420361509455,9.03138645737705,10.2610732484696,11.6221525334092,12.85672778542,14.3474104092835,16.0448524126904,17.1623009078705,18.6707715919621,19.5025689135761,20.3938094756411,21.1587680563859,21.9305676970461,23.3575346573786,24.3530607741984,25.4196451783706,26.4084817652555,27.3478446379623,28.9543907046834,29.8581497585132,30.7537323456112,31.5657987908792,32.0378207689906,33.1598352058746,34.1351015994848,35.312022588919,36.3100978647446,37.1504954067768,37.4427658056348,38.4294478953928,39.5491810913552,40.655288943203,41.7690376279228,42.7126121566945,44.015913752909,44.4158231044017
4.88365440269884,6.0950611615042,7.24411025432119,8.17227838416325,9.41404047735461,11.1987827161605,12.6609880994178,13.9159652498868,15.0630736460172,16.5371139283176,18.101535430749,19.0799380983317,20.0236475055027,21.4765951652067,22.601240882305,23.7938502696299,24.4542663550172,25.1250209637597,26.0241480169962,27.5014504118804,28.4821232983792,29.5083312848014,30.7596182311112,31.6071871409164,32.9798948883949,34.0465486581249,34.63804072701,35.5168519916124,35.8023164682747,37.4243534984442,38.7404766315295,40.4980412489213,42.479462008848,42.8956747909081,43.951477550773,44.9247837078028,45.7197223832896,47.0903699446632,47.9261529010222,49.0403755521362
4.57508526191364,5.94669147814282,7.1100385907526,8.05271875798701,9.34948032295531,10.762571675129,11.8950160475868,13.1269860191245,14.1752872849835,15.9353778498564,17.2829739776042,18.6442863757542,19.6152591288881,21.4335353236846,22.323779223411,23.2577641980355,24.2222281344446,25.3402408403474,26.4940280368857,27.3203545368146,28.3166847352159,29.8933298382342,30.8774543307635,31.7135648070957,32.6789528713847,34.1102307311935,34.9093027629703,36.7458159572352,37.3867047993354,38.3733510186779,39.1892288951932,41.3560624737479,42.4279956104382,43.5616301304061,44.8897191136858,46.2023626719019,47.5401140521843,48.8365416699769,49.78156111631,50.4844577551933
4.74392781320348,6.17240935626552,7.28453574876283,8.64680158106218,9.73856238555235,10.8794553173973,12.3169291630084,13.2772387874791,13.8997887168522,15.1009600408764,16.0503639796949,17.2686291346793,18.4663238052494,19.2497358943438,19.8130851087691,21.122419284135,22.0494802498973,23.2324304847715,24.0643626602854,25.3294578851656,26.3513941871432,27.398829509685,28.4670711736698,29.9297559808956,31.2251127999406,32.3815876201924,33.5653673283986,35.2866655458992,37.2668643666047,38.3214018856257,39.957165084252,41.2890078969734,42.3815730976562,43.3712908929503,44.3669469279631,45.644412713552,46.7518487739822,47.5003131777583,48.1582416207969,49.2716151292254
5.05299103016426,6.26532384721437,7.30989312526656,8.35896057055104,9.93230975625281,10.8616656676501,11.767906625465,12.8816661586589,14.0859298962541,15.7530774666653,17.3176661415499,18.7107053709744,19.9700758525994,20.8598985206646,22.0123923150548,23.2303879145409,24.4545082977137,25.3073028180754,26.1893289345978,26.8418526213715,27.7579075900708,28.6578519336128,30.2521183232235,31.8696043591401,32.9275991012073,33.9152688283235,34.8553496129393,35.7184219873297,36.508994718789,37.079448439944,38.2137434518441,38.861994986713,40.0274798641317,41.7638365063115,43.2279085927943,44.5063794252701,44.8469927954782,45.8833232392059,46.684876957071,47.9481266014523
4.34570935060519,5.37415221091428,6.31278448289405,7.63323469512372,8.74175254454327,10.1251813622204,11.2720907927414,12.2576003933205,13.4105759616824,14.8467662100285,15.8391573578591,16.9997666053575,18.5555646808009,19.3844943719787,20.9226270382063,21.6514373311484,22.8309851551443,24.5452649282345,25.0880477518999,26.5535487317827,27.6464050889595,28.7713341580187,30.3974154676072,31.1837542382736,32.3881549872571,33.3725046731642,34.1781492654999,35.4236217387981,36.8152279336043,37.4395796060757,38.1846568632385,39.6913332015131,40.7356914070512,41.7270884887106,42.0884456357126,43.1382339292097,44.0116845516693,45.4283345094021,46.3457864474671,46.7648393340649
4.03062327593266,4.96150168662219,6.26579406391733,7.65728736338897,8.60278280099393,9.64988498174708,10.8471061019471,12.0538794736865,12.686751108583,13.6951895259718,15.2814742591743,16.7814129985733,17.6980888498388,18.875411439101,20.0386204472067,21.058341078463,22.450091051496,24.3011493228098,24.9893502614764,25.7842622442003,26.7146599633552,27.726192220451,28.6039312246315,29.8390834629614,31.1240074880983,32.8130524843027,33.5676860089602,34.7443965159957,35.4499889760675,36.1221976605422,36.8405366813885,38.3841493192385,39.3339685756156,40.2630415595457,41.3491413644449,42.800426060431,43.2990894039241,44.5945816502217,45.223516434938,46.5907248135853
4.82136931621989,6.13541830237771,7.37067883097767,8.50587401016621,10.0055321547994,11.5816242565875,12.9059885407691,13.9891291106458,15.4405307181296,16.6829424507893,18.36940813611,19.5969005207947,20.3844079085376,22.315473931892,23.2650949685887,24.0722040154245,25.0357381578137,25.80494350021,27.5245187993469,28.8371712895649,30.0165528433544,30.8849091012786,32.0452760890308,32.2519461949481,33.9661040771867,35.0366012595586,35.8167127402886,37.3561567287863,38.0544379813311,38.6671714402693,39.5035915210124,40.4096692468768,42.3090831863723,43.4650389004647,44.6565903011544,45.2657933402057,46.3270414021212,46.9868824762867,47.4386576758414,48.8900996941478
4.25656529614151,5.28984573827747,6.51505696176412,7.89110025823408,9.1437424760506,10.2117249521648,11.883702688821,13.3754173766788,14.6586422366921,15.820881740977,16.5212496377683,17.4084546581264,18.7732947474962,19.9569943378038,21.3607160585782,22.7711407627232,23.6271430522009,25.0734953540083,26.1012881771496,27.3348824133102,28.1926143715997,28.8516784687787,29.3656846004803,29.6841387847832,30.806004131851,31.8489175043243,32.8507527346931,34.0382033988876,34.8011574989628,35.5706456638209,36.6148100566064,37.5858261653612,38.4093678768797,39.7231093509293,40.4043332369996,41.6077276903368,42.6497642116504,42.9936332423393,43.6237203522072,44.6288270885891
5.0719428295369,6.4325943956767,7.99073364925339,8.88827453897239,10.39227329348,11.8683730274678,13.264137845101,14.4996201467444,15.7566048096932,16.4254661445128,17.2788587340654,18.3928475297147,19.7255540761248,21.0044110900705,21.8334423321253,22.5137033789836,23.1084862559859,24.7446629169075,26.1988548852336,27.0998657065256,27.8875434736022,28.7972963134315,29.7650613123004,30.8354432406398,31.8338728192343,32.8656247836876,33.6160850484656,34.9545954403616,36.1679896811267,36.6877813338641,37.0255889379496,37.8369421371969,38.9866874981162,40.1570119485258,41.3329485651877,42.0207083205153,42.8465479908651,44.6538317436463,45.9724419587531,47.760146190853
5.15907512947412,6.32226898732307,7.46056055183393,8.92231551352988,10.4755119403347,11.5913878389162,12.6318330975127,13.8533541926301,15.3075502184229,16.6231974934678,17.603123232209,19.0127428739322,20.4328082782249,21.7679016446258,22.5694205053527,23.3998090936452,24.8903893072042,25.9494557032166,26.9882878838435,27.6147239744595,28.9026690268755,29.929297031091,30.7783877387009,31.9951630513354,33.2866692211262,33.9287521310105,35.3850850704947,36.8679914657611,38.0251357826895,38.2947567223055,39.9960428392049,41.1055179192407,41.9447148411201,42.6988004233244,43.0746410615268,44.4326239719403,45.7871504236351,47.1362320347783,48.2963660906951,48.751628041464
4.56088271878512,5.82298769723182,7.0062026084529,8.1755722558542,9.07925848882515,10.1719579583435,11.6985715899084,12.9503637744603,14.5091002138635,15.5317433057112,16.7120706528745,18.0810839437571,19.6094817476492,20.7863729316271,22.1056462209993,23.4795818062156,24.7313182156868,25.882741305734,27.8213155874492,29.1083460402664,30.5878774999027,32.157067128844,33.7938005057353,35.288567700225,36.9212538890193,37.6732057239953,38.7151861316103,39.3259935357623,39.9212903682082,40.9728022324635,41.2111471039524,42.8427178691818,44.4865808612653,45.7027630373654,47.0810707116971,49.2186297792516,50.1612002125508,51.8470172747405,52.6668640020737,53.2976653410147
5.02092209175686,6.28832798459192,7.85752954145007,8.36480337667146,9.3220370589627,10.3875524913001,11.4351740352127,12.3922043150733,13.6782190234582,14.558635312475,15.9028214448048,16.8940762017393,18.2476481096675,19.119075418056,20.3086049123022,21.3869248400941,22.4577301933743,23.4290565771199,24.8356716452283,25.7849905608936,26.760542372253,27.2438035438049,28.2251957246015,29.3904074309185,30.7173259390031,31.3268613205099,32.657391455159,34.0523383646662,35.190450253945,36.5752282959921,37.5522130047898,39.0214198902018,39.3324806767136,40.2386370263858,41.3256292171903,42.5187815126875,44.0001941689863,44.9910467469045,45.154602544147,45.656122865558
4.46337537441527,5.54995141255788,6.5732829698784,7.76381112858856,8.92216362163529,10.2919300044909,11.3813494367783,12.4707557467967,13.9967562432089,15.1595302236006,16.7141107460437,17.7421610720476,18.7733230912972,19.4708403738061,20.4461954024411,21.5841957981972,23.0079743704102,24.2585132436326,25.414610281586,26.8938316406144,28.4932865230325,30.1780927508622,31.1545276147839,32.1816094444884,33.5388968777329,34.9206277849608,35.7480699950355,37.6496195130014,38.7584018848436,39.08432698371,40.6682085152457,41.4650233703428,41.7570510352108,42.8950651247791,44.5266759978789,45.2016976619539,45.8197684424673,47.3507665822126,47.3289278852962,47.9789315359902
4.65541681694572,5.81562850499967,6.86681220535222,8.04908663886854,9.18364437468518,10.2783399698783,11.8105376914157,12.9614591049828,14.1930868954309,14.9510568573228,16.4573639885026,17.648609515268,18.2864149442002,19.3747078254851,20.759924030418,22.1648622882848,23.199301395787,24.2754050804198,25.8885746867626,27.2552756500393,28.5760611572332,29.762634088394,30.8474412582373,32.1372021675785,33.0271826617403,34.3423312544238,34.9976013038116,36.2348350216986,37.1523520866832,38.757092678605,39.0400537880786,40.2075927358576,40.7344239252194,41.6341503933963,42.8931765130107,44.6811022243403,45.7381274237999,47.1714299293989,47.6936035692638,48.3124953722424
4.69790591774041,5.72225626230367,6.9495275466641,8.35322778500603,9.51294696206428,11.0151808152159,11.7838707100103,13.1305215816148,14.1221062576445,15.5600336647924,16.2702507197274,17.2863403776831,17.9959471163781,19.6792443596506,20.6761567719263,22.2950411639058,23.6941591380955,24.4322205406933,25.4451051521951,26.73016960036,27.5014705165392,28.8984996513037,29.2876538414671,30.7155830645529,32.0088658657351,32.8616348659855,33.2345779460158,34.6800625618135,35.7438028973654,37.2460122732043,37.9356901277123,38.6169095423709,38.9872881468662,39.9648141775802,41.9628746226535,42.3073100105232,42.9823635336297,43.5406609959348,44.7866107216525,45.9400455706194
4.68195947507952,5.52814610983516,6.75641899811238,7.86151064744411,8.92457867147168,10.11764565402,11.3418586277577,12.5797656809154,13.9632123418605,15.1603947982658,16.3625030579255,17.3204262515141,18.2104320956357,19.1693958496952,20.3362325025426,22.3774463647556,24.2965231015365,26.0395899763696,27.4391537116637,28.6849549975295,30.4093503819956,31.5167304271681,32.3042842852587,33.9104267317152,34.861329338046,35.6568295816874,36.8667991556215,38.1699235110227,39.5452089748585,40.4225418687539,41.4633403352222,43.2636569557627,45.4568070017049,45.990962069216,47.6023980156771,48.7257485391275,50.2058280075335,50.0181406746586,51.2166358982768,52.0608734076216
4.47539448433282,5.57939795326667,6.80941498486666,7.99051696446757,9.08309834363872,10.0629842281679,10.7704418893892,12.0216147181797,13.1256108142231,13.948956351114,14.9533455811985,15.9227279753475,16.546688304895,17.7426519666743,18.8781396893424,20.1588974049372,21.5215786624611,22.6647805376937,24.3469233468434,25.2685066580508,26.2344598807773,27.4403721997888,29.0162907632853,30.2681243197952,31.2483115611357,32.2499234255523,33.59596370684,35.0309025599545,35.4813687668296,36.6264667496981,37.7278134014852,38.3509411872658,38.4659612992583,38.2460169771589,39.7700233298601,40.5785742145051,42.328029113282,42.9809741546671,44.268199080048,44.7376869387934
4.4143557792017,5.71161218584607,6.69051915662318,8.07195711398403,9.04376869123701,10.3783380625547,12.018525096724,13.4011848259567,14.8735449781827,15.9698288646604,17.4180126299967,18.2479852825698,19.3085236157666,19.9894193049689,20.6497749477253,21.6479564604802,22.9299441695843,24.338389425008,25.0863177588882,26.2719194485334,27.5158614352953,28.8389715146115,29.8659631580389,30.5926731876377,31.5718775376995,33.69807381355,35.0116809210903,36.6118546037454,37.3982677142399,38.4283125709285,40.0140590333244,41.5209531363418,42.2624915549016,43.845512049646,45.0731531936821,46.4968512131184,47.5389106229771,48.1920666041854,49.6883774174725,50.2114895045178
4.99339769167037,6.40215068125959,7.58973862443836,8.83721686079067,9.86933219020556,10.7663891239893,11.7230175124423,12.8233837888023,14.1647691536021,15.2534162389789,16.3288767682342,17.325625340089,18.6711438665889,20.4859929111662,21.7356319099525,23.3423183782767,24.3213876746427,25.0995638970052,25.8922307216231,27.5311725138612,28.5429570544315,29.4254257764351,30.4364683607258,31.4704893432252,32.71684502961,33.7661690406158,34.9366853613604,35.9278494436031,37.5664469927227,39.130292871457,40.2671844354905,41.4580199556671,43.1673143177524,43.570392025644,44.0706461341355,44.2725502113633,45.3992733791174,46.3119834257999,47.1290254446687,48.2319023313173
4.85666153758086,6.08646061045897,7.51892514170308,8.48545329563603,9.37635053426496,10.6289620976714,12.2803774091245,13.1849098867636,14.3255138249209,15.9961573253913,16.9297245297545,17.8967673568049,19.3692377558711,20.6152180427602,21.5572970536272,23.3471580982637,24.6580976588758,26.0737102696384,26.6533274310246,28.0192733797495,29.1762095190509,29.7839986349647,31.0737921198528,32.0368034827482,33.18610454893,33.6804447584786,35.1040868706927,36.2917390002487,37.4420242182337,38.3688155908381,39.4754048926702,39.6236415781333,40.1851950053363,40.7722637464637,41.9771448949739,43.4772540656301,44.4697533799499,45.691225616693,46.5570354572022,48.2726372329161
4.76083745661785,5.92617644872272,7.04637127054789,8.10050610108587,8.96468114913506,9.86074528058578,11.0119775400156,12.1243774365122,13.1105873669797,14.3033087057828,15.5102178694603,16.9049146769027,17.8778731614713,19.1784104169454,19.8763111678052,21.1449268243768,22.2661616591154,23.3209343583559,24.5033553660068,25.5566785361231,26.5585303085974,27.6518113626656,29.2264086376753,30.6862725170393,31.7452293177747,32.6327340070838,33.9709008713344,35.3720011682488,35.7110784253345,36.3907209916514,37.2265995439785,38.5240330082384,39.9708332358788,40.9001567326591,41.6767545520419,42.7195712427374,43.9337765034638,44.6038138606789,45.219147852812,45.8737048928977
3.96841914339327,5.12876441816613,6.25909270675808,7.40829486355391,8.65323587109553,10.1398486930832,11.2376254456084,12.2071865866385,13.5107630814992,14.8047721737305,15.6880855364877,17.0378861996214,18.4205378574595,19.6559895758617,20.846769231543,22.4443335787136,23.2324914428962,24.1075888811096,24.8798061200824,26.4025213084253,27.6488059793708,28.8443663738222,30.1893330928292,30.872768167593,32.3603107124618,34.3342447043204,35.0501921971094,36.3982066855372,36.8767280480045,37.3757123151474,37.9971859885159,39.167431648296,40.1160216506805,40.6850051617982,41.7804807287944,42.3885501378612,43.4381122438901,44.3381297316578,45.1554279236664,46.2475516334508
4.53938549795477,5.88837524494225,6.95635796239655,7.87905498902646,9.16337239324966,10.3104903484589,11.8488426821329,12.8317675658744,14.2196424506134,15.1181954833153,16.2408485175289,17.5816574537892,18.4369421634816,19.4165407390879,20.6636584656432,21.4560967248821,23.0724761943099,23.85968858249,24.437161197272,25.240971822169,26.8145533356162,27.1711229153104,28.9005709416199,29.8206245963065,30.9250464395618,32.944944622551,34.1164707333707,35.568367302641,36.8431585400411,37.8448768854238,38.9333832113643,39.7159675442872,40.3449698146953,41.7448834292452,42.6860204589032,43.4920814187752,44.8407352269113,45.8024359504737,46.4063684612216,47.0660671798166
4.9382496439988,5.85865677645071,7.40426210866581,8.5176410737655,9.69617569698674,11.0451308040629,11.9236589709525,13.2383910565117,13.5223880853017,14.6261876290952,15.7109601116349,16.8859602211351,18.1473964297417,19.4366618050912,21.2396559782096,22.4620917210569,23.4266543875059,24.9876909682377,25.596587156899,26.5165518386866,27.6242429617846,29.178701400873,30.1532290434199,31.0040263873271,32.2688094112123,33.5029052139434,33.7922273501411,34.632750035213,36.5793299106649,37.9393128131741,39.0248347501369,40.8354489843684,42.4662433099728,43.875629936056,44.6595648160569,46.3805869673593,47.1439621216573,47.8613225315693,49.3028220898463,51.012028905418
4.77445315586527,5.86648103662738,7.13609325324369,8.51357579942781,9.59883117989454,10.6134710704288,11.9595024373983,13.2169523869394,14.8347709675881,16.1705604100488,17.7897071642805,18.707906444965,19.8833753596333,20.8952434676307,22.6036010478056,24.0973573082669,25.3334082158656,26.3793984180649,27.5103024474348,28.8811910806412,31.0717592025759,31.3294680156413,32.1276763316282,33.1961052773281,33.742349364058,34.5160146382105,35.3463849982527,36.7437686356838,38.1088660361276,39.3647748229527,40.8891974349236,41.6157692340592,43.203026299602,45.2079990363069,46.5897578520955,47.783682464799,49.2546749122399,50.5262998171651,52.4540742601288,52.847576294323
4.17416357192891,5.40981763102436,6.1468988242845,7.65687191426293,8.69231966242829,9.77716828374278,11.2862580212819,12.6342353623735,13.9165261712992,15.1814035055152,16.4278984232095,17.8082774495394,19.5393107387897,20.7123276163385,21.9257747634535,23.0476380026496,24.0767523918436,25.3986191057309,26.4024108850213,27.4947248054381,28.1001465786692,29.1580869767769,31.0297525387471,32.0205655652135,33.3132339695675,34.7907092915015,35.3443896603651,36.2474574074409,37.4731929644597,38.9805140318913,40.6946276790846,41.9562942259667,43.44405230228,44.9464079195662,45.5033430261992,46.5866521645779,46.9188838281062,48.1090582117025,49.725639856606,50.8041481012908
4.92098045434932,6.10441619197977,7.11136460569171,8.12930556973198,9.59599665256494,10.7865729403036,11.9616562825361,13.2302955200588,14.2397590716932,15.2809525567766,16.5240505047611,17.5570844526286,19.1701175874505,21.032216384397,22.2968344710107,23.3594275721506,24.0597786447581,25.2700405667117,26.7305784946294,27.1250244077409,27.8904041523551,29.1540633385124,30.610705386456,32.5840547502874,33.0018335159931,33.4545175526784,34.7049916471868,35.5365398518945,36.2084535242591,37.3336507467074,38.3771178948521,39.9020402990072,40.7039891539777,41.6551803787239,42.0969450955383,42.2549839623352,42.8865713555018,43.7248757403596,44.1562654080239,45.388149584604
4.43473551753574,5.44967896144735,6.49515756267872,7.57403347697902,8.81342984892045,10.1629169940121,11.2749406455093,12.7736651925936,14.2241923861817,15.8829089136209,17.1734628216515,17.8265407168054,18.8699001240517,20.1410685476307,21.2217381915237,22.9044224837034,24.225995708737,25.4289124219579,26.3124661618359,27.1300904488957,28.075750180185,29.1820592353791,30.4159581412575,31.2984243412835,31.9611029844744,32.9401173017849,33.9235772011545,35.3340704583981,35.8027943338492,37.1386320084353,38.1272258635391,39.0898578117208,39.9415211607296,41.5723611064019,43.5178424316139,44.6138209386605,44.8481152254252,45.4881072679347,46.541111603283,47.9349903468452
3.85929841202006,4.94407078887652,5.95645663587074,7.00064168414636,7.72887192377096,8.8897638441474,10.0735424937341,11.2000164317692,12.4795457914091,13.6208638794181,14.680197763941,15.8574365773298,16.4258467192537,17.5244797947071,18.6696013278145,20.1498442264766,20.9854396058596,21.8580888068602,22.9343347836628,23.9841456778033,24.9868890566631,26.0436218718114,27.1564629837627,28.0048279308648,28.7435080904343,29.3316166617805,30.5680258371272,31.721385552563,32.9996192111116,34.0660621172778,35.8651650731669,37.4984719268296,38.7116042735969,39.3381447992216,40.7001295891613,41.5295584883063,42.610561905212,43.4539119572984,44.5595972641377,46.3331926273797
4.36740576668549,5.46668860196229,6.95170433502887,8.13373143009074,9.75799337179464,10.8889544472291,12.0435652234502,13.5320414627444,14.5361527502381,15.7009827075279,17.041837646499,18.5021408438217,19.5586288405477,20.9159536678776,22.1441504485264,23.2757992918129,24.4550238065017,25.4719475295845,27.1552527973003,28.3231153002822,30.0714156672196,31.1013835949243,32.0743551724378,32.8853821955206,34.0151454182482,35.0388955831349,36.311179176172,37.7939936536938,39.7564798193693,40.9898303889138,43.2831036463119,44.9024449988343,45.7134820600875,47.0011672860014,47.1453097148568,47.3980647308623,48.4175373526748,49.5316673281497,51.7924625584923,52.3344904774051
4.27769952435108,5.53096577611074,6.66763866235656,8.19308751870141,9.31324491992405,10.4330542274935,11.211472369794,12.4080571925764,13.69581297678,15.4148590676965,16.5013583276943,17.362298072112,18.4541425409796,19.706659197446,20.8066141189576,22.2598884602159,23.2708840643345,24.3972684155497,25.5923964680336,26.3424062704244,27.4082060861844,28.5015589973705,29.8351168376381,31.4140842059369,32.2882113419625,33.0397531395013,34.2455660969883,35.4999388011855,37.2318186155529,37.9807432111837,38.9661741595572,39.8189013139001,40.8126119195051,41.8158656370429,43.1680587008829,44.0892340544157,45.2986624269067,46.7694854218472,47.6761414584589,48.5880163409305
4.72893220904331,5.60232855550196,6.75447908217848,8.01176927676403,9.34097613366587,10.4543255117956,11.6578733207026,12.4696839023727,13.8666553861137,15.0582530214312,16.4222576518968,18.0253481144069,18.9402944183037,20.4539809148833,21.7202812729277,22.8358007862732,23.840876290053,24.697392773708,26.2250353062223,27.06308586995,27.9458304727755,29.9320348535462,30.7253211461277,32.2373232212186,34.0181096778331,35.4369030172173,36.3477699035222,37.6849580096899,38.6012630441949,39.3081994681365,40.2687418040335,41.1347388490588,42.3514132169291,43.2559385880821,44.6650880166524,45.8719961382505,46.5761219632947,47.6576598863347,48.2162097990703,49.1891123689249
4.48386293361924,5.75851364537107,7.12576021446655,8.16121311435186,9.13437003441818,10.4401538509751,11.6117114799329,12.5749289489336,13.5778966175659,14.7713103193805,15.8942278497165,17.5122384072964,18.1940779847837,19.3981040803128,20.7630114326615,21.9951797196904,23.3500776394279,25.5298309079531,27.0298213357115,28.1628435614454,29.0967880720506,29.6781077769893,30.5831795883791,31.9843605812358,32.7018027464258,33.5173321855029,35.2060491469592,35.8405923137242,36.7625240835477,37.7698086821088,39.2597741108938,39.692738247726,40.8323283040887,42.2639345295337,43.3703720616927,44.0321499413857,44.9597844373558,46.3034904201257,47.1284038904614,48.0604315783324
4.53246685514792,5.62139793494508,6.50391753387801,7.53164013812785,8.65212782549687,10.291612072007,11.5844737022326,13.1696928903025,14.0747272152186,14.5461990734377,15.6005822448664,16.9825792713305,18.1183671383514,19.5658487358146,20.7668768930069,21.850725092236,23.0844639927678,23.7270854960911,24.826285415064,25.8405302232756,26.8421841771489,28.0633845465155,29.0121628593082,30.5232912423653,31.6190091897652,32.771205827492,33.6409946282563,35.3168304970134,36.4401233605369,37.0853661932709,38.2702482139751,39.2933090385702,39.2454088971443,40.3409504597053,41.5160891316655,42.1963416688511,42.9320290144851,43.9936885997177,44.9672711135372,45.2708359510492
4.57797555206752,5.66397736805611,6.93572346415788,7.72332883415834,8.95064393923767,9.97834358573877,10.6706476551373,12.1472784163464,13.464414612724,14.6290314179195,15.5189678787368,16.8102845420636,17.6471316409894,18.6094565204669,19.3291902919809,20.4213726667877,21.6032659280969,22.7922843231463,24.5761448972997,25.3719152875293,26.0374322430869,27.4002591251867,27.866297129187,28.7348577848422,29.8024726290428,30.9640985375927,31.7000688161272,32.6730834458668,33.2564630524669,34.4645826779541,35.4777641153455,36.2210832490082,37.19405818059,38.5625463198558,39.3723345273107,39.9210918574348,40.4857237088948,41.4880906977391,42.0307703809361,42.5081844479798
4.28269926760138,5.3397280755475,6.40073929359378,7.76715377474855,9.17352258413387,10.8390080544047,12.2414386451206,13.4256817690571,14.4791482757982,15.8391814757621,16.9443658236049,17.7762816798867,19.0316752090838,20.1999232822826,21.5323559020057,22.9697831668268,24.4490849513293,24.9794953581519,25.6418117513364,26.6982899839471,28.4128901745265,29.7868531973356,31.2064647644316,32.0622122513951,33.1305423054376,34.8646850341738,35.634259299425,36.5186332726763,37.6838054042219,39.0121798144899,39.6513659530235,40.9350741254419,41.5390733857502,42.6706147114754,43.4677769618951,44.0950090999829,45.2920455300299,46.1059392505129,47.4600708967557,48.7286045268796
4.09741688724076,5.37250951944365,6.76876389627747,8.15022493261347,9.3140962018294,10.6191035748875,11.7937448151026,13.1308619424116,14.2666468573404,15.2792120490454,16.4902908722711,17.9245326807266,19.1762453636447,20.2544573446628,21.7185551366445,23.3861287329498,24.5071164499054,25.4157521054003,26.2710801308325,27.4170400568674,28.3617310248956,29.6171030033685,30.856352884717,31.6699287824078,32.7933945088876,33.6869946118961,34.6388743314591,35.8051540224403,37.2923372476919,38.5288099397432,39.4531655686618,40.8336289132498,41.9243632063308,42.5642707600093,43.3572509134089,43.765812666695,44.8835823298392,45.9699885632737,46.8199481689634,47.8737645043218
4.53488997356189,5.91287682654291,7.16473960647541,8.51927638026993,9.85568804512982,10.9546377937561,12.3783245651758,13.1807024583281,14.0648358669084,14.6678504265371,16.4784442408106,17.4113589964909,18.5937514122065,20.1112968472647,21.8157375286808,22.925102322652,23.6775120156432,23.8766263476691,24.7091763292325,26.2783883408159,27.6579073277142,28.4723245216821,29.3688297677665,29.8901240959465,31.055483440754,32.0159358019574,32.8867683267653,33.3914016915507,34.1024407297039,34.8935123171349,36.5605490510451,37.9130649371955,39.2297904442762,41.1106470748505,41.9158518213035,42.944810719211,44.7331296499328,45.5662542653,46.2411308172749,47.2298671710012
4.62412140306281,5.9158688685174,6.82573446529147,8.3256945788718,9.84486779059977,11.1397470606349,12.1398148588197,13.5103694186129,14.62261264811,15.6931474541347,16.5837849625031,18.1241773790326,19.0964807496595,20.3279749421487,21.554831842973,22.6532321441124,24.1643792274633,25.0256294571953,25.6253348396735,26.832291517949,27.8186402622921,29.4020898937295,29.8804417326988,30.7543090264161,32.1810046801983,33.5642090316775,34.6048437369498,35.8116884752943,36.1753658135429,37.931233123621,38.9601959823958,39.8941134833259,40.9286694715825,42.1654570741617,42.8617255555547,43.7766786449519,44.4290850933663,46.2163864054704,46.4997939335673,48.1397089928301
4.94939285024595,6.19729406979557,7.34515711953332,8.50084793972307,9.93027387093434,11.5504590983323,12.8906336699944,14.0769184425684,15.1844058955912,16.2558297029384,17.5910924119922,18.7897070738284,20.106107917934,20.9678636132925,22.0337893466302,23.1864390139288,24.8623895601882,25.8156925114316,26.6223865833603,27.4477275027486,29.1205998685646,30.1395515050064,30.6690788687447,31.8384706377124,32.7890699035501,34.1006111728949,34.4960123947787,35.7267300198553,36.9763329268498,37.5282535713879,39.1926955519436,40.3096809240349,41.0528413424776,42.7564557804588,43.7951594081587,44.8930666157113,45.6343458655048,46.8279708312037,47.8059201406491,48.3662313082457
4.51814989689048,6.14970470514047,7.33178558046467,8.51856026971837,9.62504180955393,10.9043194999296,12.1070776196667,13.3403580713914,14.7092842915545,16.1754190921161,17.2197273811633,18.2757263683963,19.7099169449723,21.2059614357611,22.4874444980896,23.4413799686901,24.0636144514915,24.7964454998196,25.8907720702829,27.2341302693934,28.8580429966671,29.8012702519576,31.159985909601,32.5266940983788,34.1531662143589,35.4849838111571,36.6052349435024,37.7988325805347,38.8932039566362,40.0680870328112,40.789804312629,42.1091778985268,43.2472353185939,43.9197929474235,44.866310421135,45.9365289129147,47.8146587910856,49.6492862951898,50.0847956891289,50.8136688339646
4.49403517191095,5.79959178122374,6.95696164099228,8.26776959970663,9.66551303611431,10.946078670806,11.9357493653798,13.3827971672687,14.3312983732389,15.0445997055914,16.3360543958026,17.6522540202888,19.1548230387095,20.4182059588134,21.0033233736961,22.1781511802483,23.2038050220141,24.8895334690734,26.0583690290004,27.2121521916124,28.0553530257118,29.7062602624245,30.3986876634735,31.9451695749566,32.7628043469309,34.2497001200635,35.367425811843,36.6986549336403,37.3442742904945,37.7999765362018,38.109191573994,39.6954731393472,40.4270389756873,41.3216236119593,41.889834551635,42.6919033370721,44.1453710919434,44.6670937605499,45.8564340482661,47.2234199678826
4.06186349144167,5.36360075850588,6.90955175011346,8.09641989471014,9.51503532691074,10.4114150179219,11.5576550483628,13.0885147586132,14.2891797752048,15.2430964366588,16.4882105088652,17.8360006304392,18.7072874077526,20.2869143528507,21.3313183486058,22.3078059620661,23.7483486063911,24.9424349604122,26.0363143873331,27.2564923200444,28.0408151354598,28.9461053303435,30.1793835477607,31.325529418388,32.1756568920232,33.6458802235199,34.396389594391,35.5912160337264,36.5983903418896,37.4372331631254,38.2553979724795,39.744700616627,40.0358825463673,40.5675393673063,41.4548955283208,42.5406916311838,43.1420621112417,44.6720558703712,45.8669434632536,46.2236662609693
4.68653980922617,5.74601982245546,6.63528608764483,7.90524391715278,9.27436475698152,10.0629292986058,11.3927510546056,12.9129902221628,14.3388218935919,15.6147339802625,17.067821546035,18.624956279382,19.6002454748563,20.745826593312,22.0348477786373,23.4179792035305,24.5947002088285,25.9348998427839,27.3935628331127,28.616241835016,29.6359029639095,30.322901913411,31.1230121143159,31.9474238560983,32.8635022175337,34.4711438722876,34.8409438264033,36.9833281622887,37.8182598129617,39.1217732636084,40.0264857001104,41.7695091329465,43.5019871898964,45.0283675377271,46.4744607053805,46.9728749282165,48.1370929233841,49.3717526468265,50.8432151894724,51.9365852820059
4.45256394596967,5.77073272484508,6.93148651751457,8.39559258215155,9.64393982016579,10.7089589022728,12.473524499901,13.6939686427555,14.4120437673971,15.9279797639076,17.0411115229623,18.6017022945015,19.6285299963857,21.1836626472127,22.0075197282712,22.982821920323,24.3321656052061,24.8854242898904,25.5908921475403,26.662700612885,28.2449446439136,29.2565033924983,30.3944827214238,31.0552707963232,32.1656310054625,33.180591487614,33.6209877111841,35.4868744912256,36.1814345486522,37.342181952141,38.1160664605172,39.3691924486201,39.6948247432847,40.3241757644201,41.3499389600576,41.8037473990307,42.4097258773544,43.5429221933846,44.6554774077201,45.8828128497039
