"X2","X3","X4","X5","X6","X7","X8","X9","X10","X11","X12","X13","X14","X15","X16","X17","X18","X19","X20","X21","X22","X23","X24","X25","X26","X27","X28","X29","X30","X31","X32","X33","X34","X35","X36","X37","X38","X39","X40","X41"
1.79798126346992,1.55974016083497,1.44790921020071,1.33402917970351,1.26475754684981,1.29073409087174,1.28282033948473,1.25411402930521,1.22192970163615,1.25282092771563,1.19183839010289,1.1290776027101,1.15739257899609,1.10903819918232,1.09585487882738,1.10131891784547,1.11097711787673,1.08480534180038,1.05608343964412,1.06327581272614,1.07693013856307,1.06115392138924,1.08318814605004,1.09900013273457,1.08521452681179,1.06179251611184,1.04148444376259,1.03121948612603,1.03230455185288,1.03481695731168,1.03753994492819,1.05426744304036,1.0729011334364,1.04520338195636,1.04142452819736,1.06251810939039,1.04806840813978,1.03629484705839,1.03260663054109,1.01995418378319
1.66440027498054,1.59519419413814,1.57257987750972,1.43062556465806,1.45243163936288,1.44931333931311,1.35365883782359,1.33217596305262,1.331030796671,1.3313053676846,1.27779557828204,1.26188545620166,1.2320076478302,1.21897867799659,1.12002654663769,1.13733365901507,1.17712118263327,1.17079098140461,1.165035389454,1.19689441385137,1.16519733361138,1.12401049282564,1.07394150105907,1.06159518642507,1.02639670621918,1.02528573796356,1.01666030163832,1.02086071967218,1.02990071912684,1.0238110886584,1.01542068760359,1.00546049666985,0.993861958693175,1.0043310665357,0.992772856252527,0.998079871695654,1.01049087136201,1.02687748389638,1.0071084641917,1.02472005269524
1.68183808464745,1.51175109111503,1.47377758795458,1.55919186382621,1.50805356928784,1.50189778865259,1.40608270636433,1.29914071960962,1.26611902408532,1.24765750374439,1.25333123654133,1.22343742491588,1.21266345024446,1.22336126126875,1.15653085426716,1.11768568077798,1.12139598056845,1.15769408679594,1.15528343095864,1.13406710344669,1.11472757693492,1.11070680808251,1.0925633334359,1.08558305480581,1.07960883161331,1.0848120820561,1.05014191490413,1.05927699540534,1.05990507654404,1.05710897676563,1.0526668615837,1.06708133677184,1.0664872612975,1.07487040986365,1.05517417639488,1.06094831980836,1.06214496341922,1.03631416350889,1.04645142589753,1.03908941004654
1.85932848494351,1.73581043011083,1.69928153058991,1.63592680407551,1.4593243623971,1.36178983758471,1.36153329343471,1.26023636508876,1.2415324190779,1.24944787013784,1.24624176994446,1.22932401161166,1.18295072127259,1.16649950773286,1.19740949002937,1.22927977862523,1.24294004475651,1.2339208590677,1.23835632127967,1.26102098076574,1.27521649785779,1.28589894803139,1.31045223301146,1.29591287410322,1.32387706844579,1.28222812910128,1.30706406223793,1.3081337466237,1.29275032801192,1.29130830603796,1.27931612648391,1.27072139889617,1.28296050189464,1.29768728849208,1.31411658573864,1.29904184813069,1.28322815773132,1.27688637274578,1.29440963522059,1.2969770848845
1.56176267821559,1.57836644166046,1.57460910960034,1.52548317536961,1.44267850990054,1.46264259930932,1.41037428557147,1.42981587895395,1.34996642711209,1.20876111152466,1.16737663728669,1.12017938925318,1.12807959219382,1.11410444861549,1.06810843373651,1.03936573490661,1.02025341523742,1.01058900859981,1.01807611147466,1.03671219486412,1.03808578389499,1.04317944352905,1.00775274956673,1.00994160503051,1.00401825117659,0.9958395365141,0.973459083064424,0.968595806280036,0.979344571219515,0.997551308440428,1.01471339167089,1.00385468855264,0.984810580958895,0.96624812920114,0.957101141559826,0.998641418278153,0.976219862585397,0.963822448106874,0.961022950535615,0.96017648461634
1.75618839174122,1.60874327540768,1.54657166317795,1.36843919257277,1.31095179341632,1.25703499660551,1.30166324910229,1.23426591342729,1.20789439233873,1.21259510837841,1.23317154117076,1.20050404398758,1.2073037349304,1.18440984339133,1.20409223123835,1.18977566250485,1.16775382247572,1.18725103634813,1.13641882662574,1.14014130585706,1.11179186271635,1.13232799546792,1.16128165662539,1.16970382266026,1.18572084507604,1.16424593970151,1.16461767649208,1.14010580894124,1.12963231141972,1.08539935259806,1.06754625136168,1.08275577374995,1.09563445510046,1.1001289922652,1.0920111475004,1.0727270758639,1.07157779824846,1.07093185689464,1.03081043482361,1.0510310923372
1.56731734909667,1.57067700931756,1.50032444355508,1.45989542153692,1.37312332008349,1.38310533334566,1.37185721739808,1.27582819143031,1.29271660153009,1.35690869719468,1.31696019020795,1.25158142606335,1.19446202030012,1.16907554476125,1.17204411701407,1.16757408211622,1.16913280833164,1.14715553509196,1.12983780489604,1.14427829122901,1.16057260396536,1.15414747313209,1.13455964895104,1.15253374180059,1.15448476160915,1.14237218975089,1.14099456185308,1.17421216144358,1.18101506398974,1.17808296602261,1.16385387252811,1.13369232138028,1.14878467487713,1.15071254444638,1.14247390228086,1.14049419199929,1.15129108303893,1.15459067720717,1.12740122556885,1.14982689922774
1.54831053861354,1.46010067760566,1.37049736123925,1.27220543166435,1.15054430005036,1.09845560849714,1.06754710030102,1.05933167906135,1.06665361408693,1.065384514346,1.04946633471148,1.05075616741477,1.00658463524074,1.02632517410682,1.03764861509548,1.02719163149391,1.01900563886128,0.990624353122759,0.987614734593417,0.988168157479894,0.989478327686249,0.986133631932475,0.97779078003913,0.976661441660907,0.980731558563911,0.971925178251889,0.957559781170221,0.981209960446119,0.97820395273364,0.978741544523997,0.980225104656265,0.98507623578345,0.995394374408749,0.980343495153869,1.00557955391824,0.980575760236599,0.974831177456099,0.986686649112327,0.9801109938216,0.975986589848994
1.41044081638894,1.24523549715264,1.28749679083754,1.25787637358803,1.20346842314935,1.22292552317844,1.20935408688088,1.23744370183297,1.25467720781453,1.25833013716953,1.22887585132122,1.24518330516846,1.25347397949543,1.25632874393412,1.27057810853651,1.22699091293054,1.22126371163738,1.20032208793074,1.22730173155534,1.21604498077784,1.24050089570693,1.24811381371773,1.19012471008925,1.15824120808609,1.1936963234063,1.21982983024159,1.21894765288688,1.19749991115262,1.20844491709965,1.20807389916803,1.20167406498875,1.22362760505001,1.22054303233505,1.20127804563325,1.19451703952143,1.16128613841317,1.14531370874529,1.16243353562942,1.17829867112594,1.21395810330459
1.49816171593796,1.3302328831269,1.31363939271732,1.19900549947472,1.22273182897677,1.17898706063673,1.11067668718337,1.10892604113651,1.10898210936333,1.15258030170646,1.14298053399041,1.11630371121344,1.11210229977491,1.08620498362722,1.06480504546309,1.07123924246674,1.05532077126303,1.06117666584337,1.05291185035424,1.02966076647712,1.02379756762528,1.01642019223529,1.03520867410165,1.04118833087815,1.03186622782372,1.01957287981619,1.03052171508166,1.03644625514631,1.03455540311937,1.03481716805365,1.025546274644,1.00563017983829,1.01872106633863,0.996765788726995,1.00967439710593,0.998260046448959,1.00512086349013,1.02261518321446,1.01654393846972,1.0220687708163
1.64635122006949,1.52455596832657,1.48057276190842,1.49099500443271,1.47647307231946,1.47051995166126,1.41407134047869,1.35334851263619,1.28398232495878,1.18280114838227,1.15957318156246,1.16523649651493,1.17662201517127,1.17100834079793,1.16603185568356,1.17980132292578,1.16722938739146,1.17671879880124,1.18062287530921,1.15830032356635,1.1565687658118,1.12890240670588,1.12517025789751,1.13667564564734,1.13730855805078,1.1425542893668,1.14309417762006,1.12419280841624,1.12985462714602,1.16183321504266,1.15281104096224,1.1335252107306,1.13555057950787,1.11716569058982,1.13261715502705,1.12803470265282,1.12377975459103,1.15110656112331,1.13449088130425,1.13035576676272
1.64802156928942,1.64670532325052,1.55230580341255,1.49850095410133,1.46264797407231,1.41937666007925,1.38710276493681,1.30829251989616,1.28700939385125,1.25438568702117,1.30034745334103,1.3023125530184,1.25381630958409,1.2708877761977,1.20255746984893,1.14242939533999,1.13818241146237,1.11141231362567,1.10748414927155,1.10424391001001,1.12117029417654,1.10020064521613,1.10538191589285,1.1062324522639,1.11279101741213,1.10368422777501,1.10942454056615,1.11500639048311,1.14271573219718,1.13908713151301,1.13256851632642,1.10342741165868,1.12891083748068,1.10807196642516,1.09349656086411,1.10187985965759,1.0966114714833,1.08932392114109,1.09933005203388,1.08988460534831
1.79019016970784,1.65500796690505,1.70232523773244,1.55745596884592,1.4991084323677,1.37298187716373,1.30951162394894,1.24935791167863,1.27996702267763,1.27908917237498,1.28310297881332,1.28730114033226,1.30841259081862,1.25096697527125,1.24139800376051,1.22588373936739,1.23358522006377,1.23495342182414,1.22584387504036,1.22947510603336,1.19008928151464,1.18793094800807,1.16207509940749,1.10944188762568,1.11023875611018,1.10709931393596,1.11884774737319,1.10915442859886,1.1114688856597,1.10821721007414,1.09775906558466,1.10730654576957,1.10297642774265,1.13109869624725,1.14762093381705,1.13130886189057,1.10751503838107,1.12368463212101,1.13164222363379,1.13335086280383
1.51121745676702,1.49493569022857,1.44807934937198,1.52230911170601,1.5713321918995,1.54249825913467,1.53441632403356,1.46331916742984,1.41806382135918,1.42528086841429,1.35231562658993,1.31699258505503,1.28607919556922,1.27209286260568,1.25476850552819,1.2305281554428,1.20421559644434,1.19198859138905,1.18103354768555,1.15385050099939,1.13310940142543,1.12621515274837,1.12136256482742,1.11078266291881,1.10370804349113,1.0855225301126,1.10727734570269,1.12395093078696,1.11815468816715,1.11242678041796,1.08898711704256,1.08797696325483,1.09512981235524,1.10194600082152,1.11446496322671,1.11189194074285,1.11692290526328,1.12478110465169,1.11467923880498,1.11564236003823
1.48217645306989,1.42147619479651,1.36705664374534,1.33591249368618,1.26869112436027,1.25885751196103,1.25737073130075,1.24129790198421,1.25502346461204,1.23072014899769,1.18680491279845,1.17969875711893,1.19243717830319,1.20951383391038,1.16619053752652,1.14479172938065,1.14831414443348,1.14697147825588,1.13222068841813,1.10560438251041,1.09247879358551,1.07645717189198,1.08397205966342,1.10363927558829,1.07040265654734,1.06116500649943,1.06484409110134,1.05974313557637,1.06916316287948,1.061555131967,1.06798377668234,1.05787854095024,1.07560137192588,1.06988982053867,1.03530064015752,1.03071477557726,1.01766867465964,1.03321411214104,1.05012989726177,1.03308329994313
1.55568302562278,1.43593950508816,1.37948464977281,1.23583195154571,1.23084713539825,1.24691687272606,1.27699341703349,1.33864977142078,1.29139786150054,1.20921790593448,1.22537220196349,1.22621451532868,1.24141206780863,1.2597212166428,1.24142863951436,1.25475784071423,1.25573116425499,1.24974633237262,1.22258399192714,1.20927157641081,1.21529268702469,1.21441207863161,1.2191259004415,1.20391051050803,1.1540677001912,1.12567240642577,1.107048419812,1.08400539864155,1.06895759955986,1.0619884400091,1.05737670229963,1.05331025236197,1.05568469542259,1.07058089851457,1.05713599319291,1.05242181327793,1.02366403493522,1.01065116356174,1.00107549201868,0.984435207958535
1.49980483025079,1.48218885279082,1.4095349625297,1.37822174911698,1.27190480432854,1.29083312612831,1.29548166340326,1.26394806887874,1.2426447509339,1.23185753518297,1.20950371735994,1.20253667096654,1.20546269456329,1.20196926274955,1.23017323649339,1.18605433537381,1.16766395295518,1.20054454267639,1.16471225888987,1.14110121616776,1.16504235003462,1.14056825098758,1.13321882215342,1.11891123286904,1.08681414849885,1.10116447477025,1.09487355233824,1.09446959662847,1.083631228449,1.07833529621151,1.07063395360768,1.07609218901061,1.06316718072595,1.07828844422612,1.07868635484207,1.06341613982794,1.06454757913129,1.03998450175855,1.03255808744098,1.04716499944213
1.4883744080788,1.36695589728392,1.30521864450513,1.24509128259724,1.19368579533274,1.13383821970372,1.11784387259163,1.08822746092132,1.12313149721308,1.09228791865608,1.04380787984478,0.996611417568714,0.98221305775785,1.02062215664913,0.998532955035078,1.00979007211789,1.00024525598733,1.04728310032883,1.03409141111504,1.04526553942894,1.01862529052117,0.991323842146563,0.986489683903342,0.974556300926345,0.966609832518831,0.972821203042201,0.96660417107167,0.948722219595699,0.958239309706898,0.949999198881094,0.93878687380034,0.923006861740294,0.935925542552617,0.946714943167973,0.952410486363033,0.95693146691684,0.959304766574114,0.956038694678151,0.961974880290519,0.983561258058239
1.52033173893989,1.4792789705283,1.42539922573232,1.40336498803603,1.34830001264394,1.28398008801938,1.22892310977374,1.26574785676977,1.23240903954886,1.20362762548174,1.22578220151063,1.26289626409343,1.24581260118641,1.2286461926074,1.24180610460561,1.22804458461629,1.20112290961415,1.19327062507691,1.20723437715481,1.21964858513507,1.21428758264345,1.23350656627601,1.25747556302085,1.2261180477006,1.21961807613227,1.20659256259255,1.23621360312888,1.22991388998937,1.19103650798585,1.19534666621831,1.19039086470812,1.20778167329328,1.23369829724053,1.21626092951059,1.19161916124475,1.17944233329929,1.18791063801258,1.19314095729285,1.1787008776008,1.16959522030783
1.36895720207284,1.32202164111128,1.29993775508498,1.22005458040973,1.18492168084398,1.14967243319476,1.18772170841178,1.1819514243467,1.18350514539003,1.19015458959522,1.23345492724286,1.25832328010234,1.21925722131331,1.17627001361798,1.19379385428512,1.17033473827874,1.16032394077165,1.15241966210043,1.12870801882526,1.14376153546281,1.12503579284647,1.13706331139962,1.11559104531082,1.09411786429052,1.11062943321909,1.11263299215124,1.07852170929637,1.08400529284858,1.0851112219338,1.07801067148897,1.07349445243692,1.08769785201802,1.10996711465814,1.09405125492915,1.09848637921918,1.10928780523319,1.12300665030168,1.10628784467355,1.12704144890846,1.12484983883731
1.64435815973503,1.53146397485893,1.45211956653482,1.45119081191495,1.36901818926051,1.33891235530216,1.34068027648098,1.29808989011987,1.29504132886706,1.29252047166164,1.29306131812532,1.31291040409232,1.35206155152087,1.34303652621033,1.3289662575577,1.30594969776373,1.31101955143991,1.2953019947961,1.24328535199321,1.1934747059475,1.17983966499742,1.2232247134411,1.16417240670359,1.13442458565668,1.14712958874375,1.13816106514608,1.12687606073694,1.10014916420763,1.08775102275574,1.13485436005695,1.1520819582963,1.16807962470274,1.16732185591521,1.15242897247389,1.13322391049907,1.1385799080338,1.13119366232142,1.11063574674334,1.12986515625234,1.09941695717318
1.62844451371434,1.59571099804297,1.55016840543421,1.47843504037204,1.52938231657281,1.4461750901293,1.3709204625962,1.33731261522218,1.34754946966402,1.28162875319624,1.25349615995677,1.24190251616418,1.24346428812191,1.23294610084239,1.22230699952441,1.23115649828933,1.16000152271294,1.1612180422488,1.17856278081776,1.16777047112649,1.15164191425732,1.12810718735763,1.13519194454117,1.14126251889774,1.14281134850376,1.10569110927275,1.07755161244048,1.10259723429577,1.11429689542851,1.10791569918361,1.11029239672885,1.10883865421766,1.09662462633091,1.09468424171093,1.04143087340047,1.04095529546605,1.04940794029292,1.01936308147055,1.02189553029494,1.01320331423834
1.39279483192497,1.36693538951704,1.25294189243338,1.24204191912917,1.2280416613139,1.16078947668295,1.1089146137727,1.05109678336595,1.03381290071808,1.07695901693015,1.08415036207906,1.08386380745645,1.09152960229434,1.11970895811015,1.09680091795423,1.07168751821744,1.05808084434432,1.0677499798197,1.06427695033052,1.00764003172361,1.00189718940593,0.988377366121006,0.974707690289253,0.968367522323759,0.940253234309992,0.949888133007552,0.948239246508252,0.959879899055975,0.963343874855051,0.954700327786914,0.951666242914467,0.953933422762116,0.965867270484903,0.980372666493718,0.974275614786729,0.969297731947951,0.967153041068782,0.95012688542161,0.974293332711424,0.96327335073724
1.40704741800681,1.37443100113995,1.26303630729127,1.30231143377174,1.29161055311689,1.27896719994124,1.24021319886042,1.21216708530639,1.1896721681038,1.20008240438576,1.23854809497344,1.24953124481551,1.26353141035631,1.27662146505648,1.22645728777905,1.22262755197862,1.18381515814675,1.16650778493907,1.11606934868954,1.12298834556104,1.11766452875566,1.0968128269126,1.10191956637805,1.10866521141879,1.11097798689863,1.10132153785189,1.11723834748688,1.10043083099584,1.09499545450135,1.06442609675859,1.05300349538455,1.06327245781453,1.06374276897395,1.04289136665896,1.06695159979678,1.04711797084574,1.03627132762067,1.03115192796382,1.03628297695455,1.03244739718456
1.62658772373517,1.56261737491637,1.44035952767496,1.4484440303253,1.49008693925575,1.30177764364254,1.29229940408944,1.27973438513733,1.24485308250277,1.18376462439567,1.16706263879799,1.09918652494068,1.11885867559591,1.07163786843148,1.10535549323378,1.12022920001478,1.14258519718617,1.15928207131826,1.16284783737545,1.1370169876311,1.11395792864487,1.12675328204793,1.09790903528275,1.09441313018924,1.09638491162168,1.09382144270498,1.08777898511778,1.0991512379197,1.09859351326891,1.10125609452095,1.10070854338185,1.10473961543969,1.10647498016163,1.10414849473037,1.10677990550531,1.11728104681192,1.12518044524197,1.13470567326029,1.1482575988897,1.15316289112905
1.62117821836205,1.5672935016347,1.47074530250571,1.40837672045707,1.41983242170913,1.42833125462763,1.46875492050117,1.44482900598922,1.41109072752773,1.36016724037177,1.32879866260382,1.29876552715814,1.252199612414,1.20426517216569,1.19203109165218,1.19534696642025,1.18465792412042,1.17086341735829,1.15472861514551,1.14013656024194,1.11092402025448,1.1306478969282,1.12958711363822,1.09022469997516,1.06400072000166,1.09014925223691,1.09747878352724,1.09283212142169,1.1317800592064,1.15644573407533,1.15308497403468,1.15780086397714,1.14047296471927,1.1267571293096,1.11397125784149,1.11116792930769,1.09027369977556,1.07628639810191,1.07448261466569,1.06967295931614
1.68247209822643,1.74383551216107,1.71300518618472,1.59498753283191,1.49176426421438,1.4080867087644,1.35338060337581,1.33148741130457,1.29850087954538,1.26656968010076,1.22731636328417,1.25833330639409,1.13773286004799,1.16119885522414,1.15914615719538,1.14864226977159,1.13942038625722,1.14409748675881,1.13576455908499,1.12955453085685,1.11784559858228,1.09790434741959,1.10584260950281,1.08924045557789,1.10517025993325,1.08923505639402,1.09284030370513,1.10157249207165,1.080780774232,1.08527219937493,1.0913282980761,1.0917559674946,1.10101837498928,1.04617837952732,1.04412857099116,1.0390810758039,1.02596175728173,1.04037049932993,1.03402014134966,1.03490886726773
1.45353219270487,1.50892627574572,1.46264754057239,1.34804347097084,1.30756690691423,1.2515633776113,1.18342582077831,1.23531938161119,1.23449267449606,1.25275965048306,1.21527907338462,1.20755994561304,1.21087854398666,1.18211274359767,1.17373675814791,1.22635583232421,1.21597283383839,1.17565791689802,1.18846670676737,1.19730526382316,1.20107902194616,1.18825419636791,1.22143154782695,1.18481395964116,1.20593108397657,1.19715202158986,1.20147934061089,1.1963250366723,1.21059355981322,1.19224248222365,1.18832661926153,1.19895131876999,1.19639906884795,1.18011141286249,1.18445586653927,1.18402837778155,1.15924416729003,1.15459794222079,1.13321107594844,1.13883637173606
1.61999121835278,1.6082051721674,1.63896734725056,1.58825405389065,1.50663690873718,1.43822591188918,1.39012804317318,1.35399938644888,1.33531021346575,1.35456291207551,1.3557929905501,1.40070952430693,1.39470883911562,1.36580749812994,1.345674729451,1.31483446081794,1.30168448460665,1.29755609913884,1.30728772196055,1.29376912489773,1.24263117593599,1.25308888491996,1.24561751954126,1.19561803104814,1.21552278995702,1.23834312148781,1.2361888382105,1.25842491768424,1.24673677233406,1.2135315217049,1.19556122154392,1.1676020762762,1.17455909059283,1.17061294901846,1.16805662324797,1.14894499104328,1.15267186464904,1.14505770406648,1.12411321448599,1.11493718793523
1.55661853290905,1.56700324271541,1.61710228710429,1.49699320922558,1.37710605550894,1.27750861701402,1.29165935965214,1.2751481739663,1.26374410125212,1.1885343736599,1.21864559876981,1.2341295441029,1.19385603028962,1.1807726155955,1.13632157077623,1.12325623936045,1.13944450713441,1.15408377967413,1.17308689807474,1.1498315342031,1.14574839747386,1.15055333999229,1.14144133575692,1.13209348321083,1.13621079406664,1.12507137802061,1.11687179371926,1.13289755178887,1.12136371726102,1.11253832490418,1.1251113986669,1.14643335765299,1.15556307756745,1.12730710351758,1.12261394791005,1.08660771274026,1.06699673561577,1.05676399170886,1.04920868459788,1.02170962729471
1.63473891214812,1.5750454975272,1.43185215855689,1.38601304552022,1.3488560090702,1.2469004338601,1.22145766144333,1.22330128012454,1.19729925788665,1.1990611048949,1.14759166535799,1.10110862844347,1.05841775479292,1.06458393980052,1.06597930769933,1.04355542029621,1.0672192754709,1.03300679695174,1.03551096654597,0.989767884038424,0.978038613694772,0.950305059753164,0.937668594235076,0.944683053936774,0.970703735472019,0.984372442206345,0.971514779013207,0.991439544539315,0.980095994183107,0.994390428436524,0.989867551656733,0.990543712141331,0.990669094715736,0.990198629455302,1.00580916181176,0.993841621528835,1.01610491723368,0.998805938262305,1.0069124743551,1.0142190761064
1.49828318677061,1.4636356001627,1.5125655917954,1.37649000738237,1.30491433238915,1.2823370951143,1.26464095287183,1.19547042740923,1.12222622314949,1.13432278367851,1.16316385516636,1.19496506106156,1.16365120534722,1.20955452137733,1.24095089488115,1.2464410159214,1.21502602369649,1.18495765232985,1.18303977902486,1.16518550396487,1.17127990788382,1.18825936053522,1.1957207846008,1.18012984461723,1.21708808434878,1.20041846895652,1.18166326131239,1.17376290854731,1.15551962702654,1.17519965829072,1.15906738972517,1.14816328781702,1.15215277572742,1.14433639818721,1.12812162485777,1.1188323071655,1.10999407901709,1.10788538925587,1.12075631747951,1.14442495007751
1.5781736519639,1.55007145518951,1.51026138567017,1.3774108040968,1.36017651904816,1.37495808770419,1.36096479811391,1.39859863655668,1.36387460923677,1.32437361532751,1.32429823689955,1.25992471506453,1.21094138436273,1.21046532065458,1.18861911826622,1.16342019490023,1.12200269236404,1.09726287057936,1.11139742330717,1.10888641695515,1.11158633848534,1.08803980962794,1.08623294258743,1.05747286370552,1.04727775744136,1.04978462739885,1.0376751899834,1.03894591484851,1.03273983644804,1.03450396786987,1.02727690117448,1.058875918032,1.05646879120103,1.07293913261913,1.0674881419908,1.08059528268221,1.06611982091919,1.06767905690022,1.05884497743832,1.06512919722708
1.55632926937603,1.46464059450407,1.32932798765765,1.28710933185825,1.1994683178604,1.21907799340867,1.23275565546065,1.13594191783843,1.09729124360699,1.04399169581796,1.02127713088391,1.04772392278949,1.04878236676983,1.04943096370019,1.03054236851992,1.02201936134051,1.00843828457336,0.988744385986592,1.01773899504926,1.00393364057399,1.01423766766783,1.02814985222346,1.05574217848418,1.0369488838649,1.04202481616527,1.01857728640695,1.01619243558656,1.01923709462127,0.998752561937597,0.98603227283036,0.957369199258976,0.953222186066627,0.94663450915893,0.933994554296012,0.935709872529053,0.959878957743695,0.980831046247966,1.00161054327822,0.999936221301589,1.00290395216447
1.52200179906611,1.36910224948574,1.36122827479434,1.24573309190746,1.25002158632634,1.22499791004472,1.21324232256679,1.14788223523229,1.10518953792733,1.09126719189199,1.09144418586225,1.09891944598146,1.1185946778715,1.09782091840197,1.09783847866552,1.10682248440297,1.10776188378171,1.07660144219027,1.09498314664689,1.11373241002525,1.11082061950614,1.10103538190452,1.08507919205069,1.09591543226558,1.11104411584698,1.09901326491909,1.06802094695299,1.06697037910269,1.04920692441642,1.07736870549935,1.07664867961655,1.0816298930823,1.08404727216752,1.06200747346266,1.07397036655406,1.07061039698655,1.05346418618192,1.05724898144362,1.0500583470528,1.05646955230432
1.52297573346701,1.44354118987944,1.41631297634702,1.30204302203002,1.34670856513045,1.32718810212242,1.329592577446,1.25039867234488,1.14623471117263,1.14557658651228,1.16774899982656,1.10783193510471,1.08293025472844,1.1137430584101,1.10478823548979,1.09666786147087,1.0842683571417,1.08290878029486,1.07931768430633,1.10997496743108,1.11979958146343,1.10839817305701,1.08952370666621,1.08789195870761,1.07796105103609,1.08777359314247,1.11282888419031,1.13039855976103,1.14071984708748,1.13915485718537,1.1357941100962,1.09919413894982,1.09190939265845,1.07782666177799,1.07363700340498,1.04799606280158,1.05853440561464,1.04338765359895,1.02383525756571,1.01235186923503
1.62900751255446,1.43339642721172,1.35024871667375,1.40223180387103,1.32618305209957,1.30807130240442,1.26149156838881,1.22320165947603,1.26267980181496,1.24002075854722,1.19995397093094,1.23061545714173,1.20534351013617,1.16308619833774,1.20047185083485,1.2666842269695,1.25985396062443,1.26331215042074,1.24493172694906,1.22070124162749,1.20699544033437,1.18963990004179,1.17410679068534,1.19160201969559,1.2145715126588,1.16204793752108,1.15368591259962,1.19168726506783,1.21107667159343,1.20259650754889,1.1802436093523,1.15623591078376,1.16480987453099,1.16166569711597,1.14146380430715,1.13428511551323,1.15266294439727,1.15114905435283,1.10976403457709,1.08772472970663
1.68547773053677,1.64566046833791,1.55074928633046,1.5396189609355,1.4879748721592,1.40758294065973,1.41934413934412,1.41752655312326,1.46279835194853,1.38668224505026,1.41092968686188,1.36509045347662,1.33419186332719,1.25743177379195,1.22893066866462,1.20430739954928,1.21941510782203,1.222120290409,1.23462178893578,1.27976824630997,1.26273663385391,1.24008114942283,1.23311101868718,1.21569868727649,1.21321610818492,1.24506115297425,1.23124201038929,1.2230250661412,1.23639699697125,1.21077298624193,1.21561534150323,1.21786489223905,1.21566897070133,1.22851573103941,1.22053264778965,1.2133521606808,1.18720478938363,1.1862540107591,1.20560255986042,1.2126055153236
1.68909042462912,1.57115146951513,1.51920046203098,1.42265130181874,1.41981365270511,1.35649000512387,1.28756891985678,1.24620378266492,1.21759485558966,1.18949867968018,1.14898746809028,1.11412348613499,1.10453188482168,1.13324002905985,1.1016550310544,1.15792520908899,1.12485014100272,1.11096139188317,1.09683607236824,1.07937593331365,1.06545134445063,1.06412484980773,1.02756986527589,1.02207327288363,1.03253186370869,1.03816544521158,1.03152080663429,1.00798052233093,1.01672416072292,1.01073156037089,1.0175526234422,1.02772289724338,1.04032341646217,1.0540519624105,1.0251963779551,1.04033746328998,1.04987503657743,1.05978160374189,1.06525911483943,1.06862468952302
1.57673814779671,1.54027917488686,1.4724186933886,1.47987345283178,1.43629658245409,1.33519574456244,1.33203864811191,1.28896199704666,1.28132506643397,1.2747809646649,1.27000826857565,1.24901819522442,1.22934058831132,1.2106778536896,1.20718780024371,1.19318908114794,1.15725956363625,1.14973315399593,1.11106389545184,1.1081253059847,1.09863334249476,1.09299093700574,1.07049224075031,1.05799104535594,1.05374344358054,1.07113415618178,1.07842548830309,1.06424971666669,1.07181624400574,1.05421073074309,1.06870497872862,1.07054277536977,1.07991980272529,1.07845894218137,1.06322555256842,1.08214650197975,1.0771052577545,1.07859385512232,1.0609366575082,1.06191574390296
1.60924332183696,1.5291388361425,1.38860506497274,1.36204652774414,1.34238073908466,1.31112715791583,1.26935170333362,1.24790390241361,1.21227939482514,1.22731509227112,1.23658960620597,1.25728182592573,1.28799059399959,1.26609870115939,1.25359089675308,1.21705733799861,1.22243211941436,1.23330662020524,1.27005340768774,1.28668894440019,1.28270193295136,1.25795351186724,1.27277461359359,1.26706631615403,1.25945056293823,1.26286240292064,1.24789374120054,1.2503789500625,1.2221985937345,1.22075778447564,1.21077329712137,1.22011317244513,1.23051185125586,1.22603330221647,1.2130878471613,1.20937130647569,1.20141890292572,1.22860657795803,1.21079669945838,1.20536203987727
1.48432967717319,1.52236416268874,1.50420024805397,1.45552805239657,1.36142535210996,1.4211686112222,1.42253319018404,1.32409869659481,1.2819192591596,1.21975250004847,1.19496872651049,1.17526271865873,1.1910411889848,1.20799217576042,1.19102446658189,1.19808609061871,1.2013005106388,1.17748862285938,1.17187904407968,1.18140038860963,1.18428521534374,1.17680285173693,1.16469342582553,1.17736942093091,1.17813916523842,1.18938118126877,1.19008683899895,1.17762917210368,1.16869450816836,1.15938808440718,1.12169450129688,1.1156215930451,1.12409949802396,1.13859514843824,1.12243925941229,1.11303884919433,1.09232274358747,1.10068240219114,1.09926335478304,1.07759850532472
1.50275619993896,1.38492914597414,1.32908003926666,1.29292735350291,1.27084215542301,1.23132777391951,1.18816941254932,1.17404964111394,1.20111327771819,1.23584997387793,1.27598968547423,1.28588486097371,1.2322445097242,1.2573842433014,1.28488202151197,1.21619871936224,1.23405002424485,1.18665629385565,1.14483922121476,1.15078633386907,1.16625801626967,1.14247949307566,1.11372097362852,1.09880565000767,1.12636786191098,1.13518739801254,1.12146802168226,1.1160690382465,1.12843438792313,1.07906012809471,1.08820948454998,1.10410296477616,1.11117753491849,1.07316559634227,1.06273431732018,1.0410031878102,1.02434216659474,1.05383925722008,1.06225542115527,1.04592115500842
1.68182039442159,1.67249425542023,1.62315354728155,1.68270586099912,1.54197974329226,1.47652408161111,1.42628027297683,1.44859555635571,1.35800201556729,1.33745204694439,1.32406955586749,1.28459362526262,1.25409106018125,1.23847655092273,1.24462506354354,1.17511434802361,1.19114407456298,1.17781856788595,1.18677758093399,1.18924934557923,1.17728509885301,1.18972916040593,1.18002188666351,1.18549815242798,1.20036740459919,1.14107157379274,1.15499163068738,1.12818684587881,1.13369376955201,1.12268506373366,1.11652995891537,1.09287505896444,1.0962329596417,1.09651823034679,1.09501140231271,1.09031036791229,1.09997891033914,1.0972060457575,1.10092156703364,1.10663225040437
1.76787492661567,1.65418407419694,1.66451069082865,1.51861003797635,1.44284237110316,1.41023359661164,1.39903197876892,1.38650622441427,1.2751528011368,1.22389785537385,1.19325208632305,1.20096532437094,1.22368268325621,1.20544067706943,1.17179448560566,1.13030731495165,1.11694675259809,1.1402679252666,1.09888727206558,1.10125583176409,1.14665879944421,1.13324637278289,1.10337415408173,1.09759136296044,1.07205533361338,1.07277709266693,1.0879885944964,1.08446576494338,1.08767443726153,1.09243344889612,1.10226289308675,1.1050567304791,1.1134988988688,1.08784962444966,1.06719344817387,1.03975362783638,1.04823233171009,1.04977468138491,1.05993824894592,1.07100806637578
1.59396548775523,1.4992653687476,1.45117686932536,1.35998031168775,1.30339642360646,1.26846379432488,1.27781200634111,1.23590467224587,1.2522896534347,1.20449842791696,1.21668637655091,1.14907250427236,1.1597108363547,1.12573472619618,1.09541968242178,1.08691206069391,1.10742630987264,1.0929133569127,1.07491703106088,1.06972103369823,1.0708000932869,1.077384237714,1.06466208219179,1.02486920847191,1.03619322657678,1.02973034141797,1.02996220571154,1.00370869912315,1.00226572150749,0.99773958536182,1.00767734917861,1.03828709918014,0.999371183268873,0.988223259964876,0.976513562730364,1.00314572389306,1.02518182496239,1.01899417702915,0.998298647786662,0.98032392141508
1.82694743508521,1.66966108170086,1.5469597991371,1.53710859450308,1.51548242079717,1.49090193141094,1.46664352134722,1.45645951562946,1.47750624282398,1.43896560942663,1.38732562381818,1.41340236032773,1.35446488516209,1.39639830736714,1.38885450050639,1.34712240398948,1.32963389887304,1.32027717535124,1.31325776821702,1.33830017018734,1.3247514263305,1.31411785878245,1.31144062575375,1.26680389304027,1.26957277747929,1.2632818947374,1.25624260992278,1.26548198979019,1.24622255349753,1.22365423779212,1.2003982949515,1.19014295422571,1.18681935333472,1.17598928964766,1.13745028083915,1.16019299920313,1.13393067640509,1.16519837370046,1.15231969516289,1.15679465412879
1.55021980762718,1.39120529784884,1.22165296560717,1.28011212673169,1.26459130779637,1.25859402623605,1.28320851030311,1.28816492591706,1.25851182595915,1.20246516442301,1.21519041653905,1.2168098185671,1.25116540747861,1.14691087981742,1.16249697786836,1.12281199756254,1.10035469707985,1.11533624166083,1.11194086410952,1.11110958108524,1.13310059311769,1.10496253649929,1.12726065867208,1.13557769736853,1.11631767491051,1.12616175801351,1.10919930942651,1.07874827516907,1.06950301004741,1.095079499234,1.0777773073667,1.0924505187341,1.06557447869607,1.0471250623994,1.02963295687602,1.01962010411338,1.02083894820937,1.01077930595487,1.00586551454844,1.00044052812225
1.57912836947745,1.41127838089588,1.30977586834466,1.27183599381211,1.24843467493654,1.18173241620395,1.24531699218995,1.2077682142003,1.17733328604985,1.16414377860209,1.18465939445095,1.18512472701637,1.18916474134293,1.19306851510556,1.13848096694107,1.14017268730796,1.15848659794692,1.13367039539617,1.10636561976417,1.08090265448,1.06599726684123,1.07016113023731,1.06596447363337,1.06988953177873,1.04026243524839,1.01803805822424,1.01652255473897,1.00533553992008,0.996162662868054,0.992326652426532,1.00571278605211,1.01869679553256,1.00286159890755,1.00907072088729,1.01389583065069,0.992151084760908,1.00757651225434,0.990947827056917,1.00350412009091,1.01102109770124
1.54478147298745,1.49573199819802,1.51265375905584,1.45366274540513,1.45305049873128,1.43121854164301,1.42012515541877,1.41281686035101,1.35471933300764,1.30102959238621,1.26766395593067,1.22622455799252,1.18872742681128,1.1707396207238,1.2027371669315,1.19959525297533,1.16054773434597,1.15006319196988,1.13416710875961,1.13995243475553,1.11916355077058,1.14384653063471,1.14302097743099,1.17044051731717,1.16118736480444,1.18012481316928,1.1899771784247,1.16462677602125,1.16866661829714,1.15017934706805,1.14621281935348,1.15932724543674,1.15188549529732,1.13224484207932,1.12460464299887,1.10789666150252,1.10851872604603,1.0956636427112,1.07637345639994,1.08640377306266
1.66719506787642,1.66852875317211,1.47170786944983,1.37340584837101,1.32385752674825,1.24709779648681,1.21313644217834,1.20558102121666,1.22990669269161,1.2584704780986,1.25760805027546,1.18804273170927,1.14746285838382,1.11187278739685,1.13019276334605,1.13321795074451,1.13027403618782,1.09717348128565,1.10026300084371,1.09204115688767,1.08142749829044,1.06076644380893,1.06150801430142,1.05235732087268,1.08506744015467,1.06253663290296,1.0436465303205,1.06540621771836,1.01419537072107,1.00218526992252,1.00605930064909,0.999043416430532,0.979360095257423,0.979545118796698,0.987043725424561,0.973250578787212,0.977047474160199,0.959090483003939,0.952214578516572,0.965204600712314
1.52857073359366,1.36388402545576,1.35579517214716,1.34970356839017,1.2967743083437,1.28021251860738,1.29102384917484,1.28222927004614,1.25383325322752,1.21725001062138,1.26327747274528,1.26407605198946,1.23787543772807,1.17270433792079,1.14719049668757,1.15245144828028,1.14482298207397,1.12680420972897,1.14998407885786,1.14652419856179,1.16036736217781,1.16540711395838,1.16913673864528,1.16215571103054,1.14893694686888,1.12461118354268,1.13108905704805,1.10973898548618,1.14280663800223,1.14376224727912,1.15181263402358,1.14797905298073,1.14344186368452,1.11787292142118,1.11752397436246,1.12919400394445,1.12986368957489,1.12825618947652,1.09694650342294,1.08921273621398
1.88435761011478,1.74791052236498,1.61356884718,1.51195500550322,1.48218856372337,1.43271265318955,1.39038139043608,1.38114251580232,1.33182894667585,1.36513056462824,1.35058656041414,1.37855169910344,1.34973856751901,1.34173661411854,1.36340184418023,1.33163197874114,1.35210747113669,1.32506341006266,1.29915535893248,1.29178840229506,1.30695798584507,1.30068912612358,1.2572362197318,1.2376988311781,1.2387092016279,1.19848263926112,1.15885285540441,1.11685028523644,1.10977422181765,1.10378223507726,1.13579563068294,1.11950380162014,1.13178901112156,1.12190560326114,1.13236220027416,1.12968363397241,1.12645604002749,1.10904258176666,1.11639812632747,1.11357461733723
1.49911549223351,1.38690999951146,1.43370771740254,1.36343653882688,1.31688276877676,1.27421220122264,1.28013917976584,1.24265911696246,1.17954872488119,1.17856675094317,1.16345700993845,1.16541164715535,1.12928463490802,1.13297814619861,1.11463200008301,1.12564570027209,1.13071091840122,1.13966054337129,1.11954600650444,1.09191334940105,1.07328168701374,1.0661104340008,1.07117291224082,1.07602999136106,1.05510749101762,1.05992517724012,1.067371405192,1.04910310388965,1.07120125548122,1.08292230723216,1.07963868346563,1.08639402966747,1.08808313807289,1.07132467631384,1.09536149658611,1.08716221238013,1.07052294040657,1.07905897171681,1.11034170433224,1.10724661972171
1.62140907660751,1.5652539780592,1.46416149683699,1.34894132821141,1.33676946500172,1.30787865217861,1.27235743702998,1.26407237453521,1.24301067010023,1.2128770367392,1.20161906101173,1.20610837846759,1.19319929114209,1.20259615020444,1.19683760255988,1.19952366102022,1.20372923813898,1.17227606169995,1.18465792942304,1.14384546689068,1.14162125658376,1.12267210345527,1.10897826920364,1.09444511365146,1.09447533074987,1.09498361161502,1.10468180874569,1.11355586373124,1.11119276846653,1.11175775048211,1.09256811796526,1.08284867882433,1.08502705585727,1.10169161949672,1.11427987888005,1.10862958168156,1.08608843867223,1.08426860411721,1.060092736031,1.0920313574063
1.77800044718272,1.65804704420699,1.49243604876419,1.37032001367777,1.35011054227675,1.31464725193096,1.29547690847682,1.23524901372587,1.18201608615193,1.23513881521502,1.24370763504227,1.22923046982761,1.18300190776561,1.16682380358242,1.13876758269954,1.13657052195002,1.08149848479318,1.07068137389256,1.07070285367009,1.03808125096381,1.02014978424045,1.03495862574895,1.03982168562267,1.06398913769569,1.06708110680325,1.06846118442139,1.08602870441959,1.08160448180182,1.07901606283256,1.06454697249139,1.08279551197714,1.06782545208606,1.05644625806721,1.06001528945949,1.08042356077367,1.0786644488373,1.07254756263006,1.08103096302158,1.05719425222979,1.07154228916318
1.50981495180702,1.43169041725493,1.36924344059002,1.3278823021798,1.29755576073304,1.27449153879166,1.31140522275309,1.27939726553945,1.2413320883934,1.22224764324328,1.21322809841646,1.19085193365376,1.20143043036803,1.19433478489994,1.18940751796056,1.2015915324358,1.17928584527192,1.16818819786929,1.15394819524668,1.13094870436116,1.1330987125414,1.13136031613823,1.13828806790269,1.11137209495506,1.13022776671803,1.1341772210073,1.1312889223658,1.14278490257624,1.17664743527004,1.15291848053253,1.1338015323509,1.10418063063987,1.1188133326025,1.10474589854659,1.10363434145827,1.0862586638901,1.08001103226909,1.08207059523257,1.06041573664327,1.06409889353807
1.7863481981607,1.64899783476062,1.65178159038673,1.52698893653676,1.39229023439092,1.34836573390974,1.30552256651231,1.27190434421983,1.27684690391684,1.25124352887684,1.22784700321363,1.11693877946348,1.08315741100833,1.06408954544004,1.04834971333182,1.03902704189515,1.06840255750208,1.04704381588595,1.02763768100564,1.03141981102202,1.0529354766689,1.05608616842555,1.06409474487549,1.06236499545298,1.06765954304499,1.06253273026094,1.06481602467765,1.0712058062572,1.08875627654237,1.07097526824034,1.07459501718572,1.08850085738292,1.08683035451272,1.0700143456672,1.06368932667459,1.05833447278999,1.05615042854237,1.04836468904992,1.05122672029837,1.04182072279139
1.45581190289307,1.42799701880116,1.42633554905369,1.29869544462592,1.24712395857744,1.19007902046881,1.12996874084516,1.04927865385608,1.01443283707233,1.02183143563518,1.05051709200455,1.06707948901798,1.03271690853602,1.02617098427978,1.03444457331382,1.05173111047181,1.04192054719744,1.02553614987245,1.02517676474559,1.00934199955821,1.01170735190909,1.02866774640458,1.01078637292188,1.00924299318441,0.998013422471517,0.979827336310807,0.957317195220017,0.98496485338221,0.97364211150599,0.98212113595398,0.999476222716607,0.985278463453759,0.964757943240031,0.964608987684881,0.945052084549466,0.953661582720249,0.943756773442643,0.937759077087939,0.923679347852536,0.9134662971283
1.75279425442467,1.59189200267725,1.47410345935497,1.43966415677101,1.4185371417983,1.44391900698664,1.49725077053489,1.45929175900309,1.47076860377563,1.39317811224253,1.32924896097372,1.3158694577117,1.29168941806184,1.24995393552093,1.26537345076267,1.24936046943818,1.23738206027282,1.23559652677559,1.2146317162101,1.21649259610313,1.18875000275472,1.13847836776114,1.12330121024166,1.07947837582684,1.11007324554571,1.09356750860766,1.05109628600253,1.07323754922259,1.09475349058467,1.09248958952224,1.09871363784036,1.08486334953532,1.07925077241388,1.10903220132969,1.08377273772892,1.10051713469434,1.10895647525847,1.12456305206973,1.12495333929685,1.11807042833523
1.65746024561294,1.4391226173954,1.42914815790362,1.42771339511213,1.40499795173329,1.32531389882018,1.30345934397953,1.36983087711048,1.2892298324419,1.28163564743291,1.23322937923448,1.2363292443876,1.25419613955379,1.22214324141078,1.25202094546263,1.21901603908109,1.16339264254883,1.16292874845941,1.14799862631058,1.14773676622129,1.13027449670438,1.1018685075132,1.09174057080839,1.06351071828467,1.08625438211036,1.05080375108742,1.05873972818158,1.0550529289878,1.04187385489547,1.05308877625982,1.05057651615673,1.06664698924113,1.09060135380244,1.07156382819755,1.07295670836207,1.05759708383572,1.05593192988849,1.04509346929062,1.0490210516145,1.0406335878586
1.41901844628057,1.26269758919633,1.20395432787954,1.20074278908369,1.20854309538681,1.1849922539448,1.18674281116094,1.19063398192521,1.13869137092137,1.15938344504028,1.16753982615149,1.20613360482602,1.21307937107858,1.21891744654953,1.22851532060972,1.18272636226704,1.13561639669203,1.11127723988958,1.09881069450445,1.07620431819264,1.0676579889113,1.11128848781797,1.1150293087745,1.08406911371787,1.05397724293155,1.06949836528071,1.06270614821147,1.0693194359012,1.05066015721716,1.05332586219741,1.05202831329383,1.0399624871284,1.02460551603394,1.02370204531394,1.04848920543191,1.05653929947533,1.04632485208213,1.05742739680026,1.07142391919432,1.06759183647003
1.79491036496452,1.60891383822701,1.43915520314099,1.38217131960852,1.42860086597379,1.39769819656786,1.33326453328289,1.26547390087106,1.25068828697821,1.24613238093291,1.24418396958532,1.24895885125014,1.25386592308546,1.23399208626993,1.2281755253011,1.26321209143584,1.29799918039567,1.30016918760311,1.28785890081225,1.25380056886628,1.27315686155434,1.24868663141279,1.2486687852418,1.26688010961067,1.22841342232952,1.23084526051943,1.19135479543071,1.18861593658839,1.18878843860028,1.17389813457347,1.16873720882285,1.17959182838761,1.18651685789803,1.18562243907546,1.20011621754051,1.20883139706552,1.20468159171578,1.21312332414902,1.19182739573406,1.20763484835062
1.2549739491202,1.19990764913797,1.23112700791183,1.30074734252033,1.22882202525632,1.19955780113371,1.13864319530873,1.12734192444638,1.13045978033639,1.14445705574365,1.139972270933,1.11375663858393,1.12735298290168,1.09238729136429,1.10316789700418,1.10415046884696,1.0875232772851,1.08312153635508,1.05866431321026,1.03479560143823,1.03025220469238,1.04136905710102,1.02976887840156,1.04415186536607,1.04839208440573,1.04828623516197,1.04394288640063,1.00417557364665,0.987745269482383,0.988929304605281,0.975194244990894,0.96598469075299,0.981943501426023,0.986115067189403,0.988732820929994,0.999810411735434,0.984363214909121,0.999578564053834,0.987108360657537,0.974231905639069
1.6293207618828,1.41140408325673,1.40523899333644,1.39398150675821,1.37384235706434,1.30808567809835,1.26695995171635,1.15580703798134,1.11373169047842,1.05719210539793,1.03753667691492,1.0226350246996,0.998787089089244,1.00031539011524,1.01471705077774,1.06820736974591,1.05767149045369,1.08020850141727,1.0499327731507,1.04828987005574,1.0810716632814,1.03011712956398,1.02361343748845,1.0239511712747,1.04058154491486,1.04993441787593,1.05334796975699,1.06050551012036,1.06570600196163,1.0645812578704,1.05940082745626,1.05807393813918,1.04299159980953,1.03904084279915,1.01734019330693,0.997874144505569,1.0094170528503,0.992322996858454,0.97608302546145,0.958779488852727
1.48841866341044,1.35653587610427,1.51854993579263,1.41869916982854,1.32142107591837,1.29968634933676,1.2734646139767,1.16786906109664,1.13207113128041,1.17811805854485,1.19823529553008,1.15573392176145,1.11478868985157,1.11975888271319,1.14210419293214,1.11684127203547,1.10178367315778,1.08603176863291,1.07510544000071,1.05497268327165,1.04419390145059,1.03553838213981,1.02586040519694,1.03674138663986,1.02672808743935,1.05722781152392,1.06273615608303,1.06965851124703,1.05796465371339,1.07132073425544,1.06672136334537,1.06718139120559,1.05253027047772,1.05956921427176,1.03214569353939,1.05002296735579,1.08653229797142,1.07512729398393,1.06982807101475,1.07224318991942
1.7779952226509,1.67890535516848,1.5247937454631,1.48526662582917,1.42334423722426,1.40172281052789,1.33677728091631,1.30411088359566,1.28821774929257,1.21641764115485,1.16201699666541,1.13358710749263,1.12855975429546,1.10161983951492,1.08262753094252,1.10542478139575,1.12738064680714,1.10325134906149,1.11858645681721,1.08232937685478,1.11425389975152,1.10672201650408,1.07956268412752,1.05433688491853,1.03424118898597,1.03507888046599,1.02665385661836,1.02244059513133,1.02986350460944,1.03322034975819,1.04763930266654,1.06256033965909,1.05554755387095,1.06842535509758,1.07902350571424,1.0930097720541,1.09648412392915,1.11057186773629,1.11201786724968,1.11642764381617
1.71527618790094,1.62465663649891,1.50967769206641,1.31384430539975,1.34851058640614,1.44200955628437,1.32871659952651,1.33187855050265,1.27267564054342,1.26781467524798,1.22967269600905,1.22945618914676,1.20134455576969,1.18415237214269,1.18237188039434,1.12937669429976,1.14037295328237,1.14499297157187,1.14016902031165,1.14483202522516,1.1248710189623,1.12708233386996,1.10897571003435,1.08490173384465,1.08629179173998,1.09640797596147,1.10581030184596,1.11737307633436,1.11629295540569,1.10416605731545,1.08863888294161,1.08602098889676,1.06678511869859,1.07034225379911,1.07249672945386,1.10074332576552,1.12107299485029,1.11991867684233,1.10897817585196,1.08304384414141
1.56386092453434,1.49561607978103,1.36348082450088,1.37272215719612,1.3163319725519,1.28466409674887,1.15116657177567,1.16971237844976,1.17078236002497,1.15199439106951,1.13727008366308,1.15585850687007,1.11636027425065,1.12353502076989,1.1063508983998,1.0984151194251,1.12371589859794,1.10499008312374,1.11968388048237,1.11769752055185,1.14385846664937,1.14949307030853,1.14574755508193,1.21401093806738,1.1763962931259,1.14849310109795,1.15515947375796,1.12799435660298,1.15462243844522,1.17408652927905,1.18138231187578,1.17004539603827,1.14965974012686,1.15052350393376,1.15407397193176,1.14696478767991,1.11974574834087,1.13225071073353,1.16010110311912,1.13214887104344
1.44303185952853,1.40530580190543,1.37137834104436,1.34369304612483,1.34760438631913,1.28100786189036,1.3129703328165,1.30395399710347,1.30712806442412,1.24647684529449,1.24391132370412,1.18302663196432,1.18045982629278,1.19740011933898,1.21265146650586,1.24393801194099,1.29739204997158,1.28827890090448,1.29184661458129,1.28077811858598,1.26484344798116,1.26724249043507,1.25035868371855,1.23048284457991,1.23812713042135,1.22380043693519,1.22616758414228,1.23083853323581,1.18394591829248,1.20962403447899,1.18373968161775,1.15715179372544,1.1418223187503,1.11991437513206,1.12969140883716,1.12976556107206,1.12491615618707,1.12163045286531,1.09367206954277,1.10942857136907
2.04444420208864,1.82199346169756,1.61204872588029,1.53134153863947,1.47480450062114,1.47716008172292,1.44630622948096,1.41356581299542,1.41630077134564,1.40903919883417,1.38384271091626,1.34466031000494,1.32076191559425,1.28507031850723,1.28753248483635,1.23420304823788,1.18325318260521,1.15279511776844,1.14045417882778,1.13977874856589,1.07549473431999,1.08739262684325,1.06317418076086,1.07161184111573,1.07116825183181,1.08135609803062,1.05576983585646,1.05437226231171,1.0534056787855,1.06276328523503,1.03908779809153,1.04737583742943,1.05807745017057,1.0620571868386,1.06421245440398,1.05357299392083,1.05802191668777,1.04445343280697,1.01218633740377,0.994174556181886
1.51300351104542,1.50322907851568,1.48928070570552,1.45905070872398,1.48516934897648,1.44080975883491,1.37492163473966,1.27704515489752,1.31041899925937,1.28547065424406,1.31196670653477,1.24421166255481,1.19331649267619,1.20059699654941,1.18133783500935,1.20705322561571,1.17742138402182,1.13846114404608,1.13272861122215,1.10295611587475,1.10417870335276,1.11362183618534,1.11751148549831,1.0961880141984,1.13543632382729,1.11340073806277,1.1065995890165,1.10799324038853,1.08650568079256,1.06022448433513,1.04255859787562,1.05063796508808,1.07223261178509,1.0637384783914,1.06108540848251,1.05946341348763,1.03901990303384,1.05735496280805,1.06645667110822,1.08436280191962
1.77981299244465,1.59158569787037,1.5216394897089,1.58032786937497,1.47269482228129,1.46425999442448,1.40611414940389,1.35178294994871,1.28929794010196,1.26954962516167,1.24797467092159,1.24081466068872,1.22687693529151,1.2002486084587,1.20576580553972,1.15261744469248,1.17755722378197,1.16788887409838,1.13658978427559,1.1273576822138,1.13905678637078,1.12499838186559,1.12948673252372,1.13101321928107,1.12429009496335,1.13154437898514,1.13194332614932,1.11800222539217,1.1330660901076,1.14137300045265,1.15394045197545,1.14521015917921,1.14222128570392,1.13688174754947,1.13764185303,1.13708839127935,1.12991262491716,1.11956118782156,1.08942919811467,1.08843916531787
1.74981063499377,1.67717503622877,1.61573352186789,1.58440574689948,1.55682546096958,1.4205983961982,1.34884667218472,1.29329150093372,1.22549228038521,1.23865589420429,1.1639923264664,1.13162699091427,1.14811062178877,1.13304922126173,1.16614488429587,1.15029352395322,1.14302351500578,1.13971912833364,1.12488122776544,1.10823705519289,1.08068188133622,1.06767480991429,1.07201502604294,1.09565282658234,1.1159111391747,1.11349846472886,1.10183786155452,1.09876977665878,1.08581109533647,1.07767398898395,1.0964972475013,1.13818533250134,1.11775360112397,1.10499845303336,1.08092645678762,1.07809300727811,1.08106549712429,1.06817973541157,1.06312183480832,1.06411427979354
1.38546155374499,1.36195704350315,1.36389265667195,1.32401149928552,1.26120108308207,1.26347060171708,1.2214771078027,1.21189467385704,1.22195310855399,1.22209341743883,1.15525271092733,1.09704486614575,1.09476864912137,1.07772671176549,1.09555536848745,1.13323401344711,1.12470893198727,1.10272140113905,1.13621384620942,1.13704379623312,1.17734372534722,1.17731237540259,1.16539507291566,1.157180822431,1.13158496409739,1.14302201497117,1.14468110525631,1.1341030047674,1.12819387168138,1.10658687603068,1.08947456408719,1.08412306776839,1.04567841162178,1.02613560402507,1.03747077843188,1.04391351760001,1.06579196398923,1.06750919888371,1.05557766929371,1.04519260322193
1.54226528252887,1.494564667171,1.49312668455342,1.44858411479351,1.438019028026,1.44584479294744,1.34462583107883,1.26793424307198,1.28905744043855,1.24736242956068,1.25239627723056,1.203086210267,1.2262991933687,1.24610617264871,1.2508507961404,1.26114389022703,1.27373221211033,1.249508575961,1.27899571536026,1.27470996623517,1.26233746873216,1.2267663196569,1.19833428658962,1.19552433339327,1.17858816805965,1.15875871295558,1.15618869137712,1.14721604111672,1.15516705939878,1.124176364358,1.11113072181898,1.12276369155572,1.09644242089545,1.07422705365735,1.07205838452828,1.07054171172035,1.06765118226103,1.04920916835959,1.04352502938004,1.01975893170595
1.46822072231718,1.32728788280124,1.31279948391204,1.34632057510952,1.32701941823288,1.25790530192555,1.22048691095295,1.25678815230312,1.23903389782629,1.19822708228079,1.19742763300687,1.16887154264584,1.13741397921679,1.11016029612484,1.11202398121476,1.11567789005397,1.0691998423195,1.073828834103,1.03196399413006,1.01391470739036,0.996817149646407,1.01209433131459,1.03390467969475,1.05866886249427,1.08069801803922,1.07522737839415,1.09504206199085,1.0899207320196,1.10213435154626,1.08409841642488,1.07911345200665,1.05812645342171,1.06287016937424,1.04986509711342,1.03119902309394,1.01569049402827,1.00632003355351,1.01579327107735,0.991543195347878,0.985550624889751
1.5005599382275,1.61664086852035,1.58737823008393,1.58643678423313,1.53702566722176,1.43917479922278,1.3303242503417,1.37862806094157,1.33508299081646,1.31348123949871,1.28102662081392,1.23137517687182,1.16536988031655,1.15296349800626,1.15751507159285,1.11351653932084,1.12507180746601,1.12135429479176,1.09074989754497,1.0993961828086,1.11420750403077,1.1058019698991,1.09330038532224,1.08002195206746,1.09490849276595,1.10066155633891,1.05422042569807,1.03714862712424,1.05653054293151,1.05970756766551,1.03768463859547,1.03146786945453,1.02220900035095,1.0163053440946,1.00653279900919,1.00073886782236,0.982048252516917,1.00472302150683,1.01259103435212,1.00790780127349
1.69938009206617,1.5169473020194,1.4733052331929,1.41187509247143,1.44158503075991,1.3700895731114,1.37929495493477,1.41486058423646,1.40069147603708,1.29738889212792,1.19969838693577,1.15908363088699,1.12249786532827,1.12386491207901,1.1124437214823,1.08039967161392,1.09684286964415,1.10881749830638,1.11752534919871,1.10242688412247,1.06225352113371,1.07304804689796,1.06471763982497,1.05750768984586,1.06385270072983,1.09214960497776,1.07392526698677,1.07700620242483,1.0853119555754,1.07857640053112,1.09775242936518,1.12745509420484,1.11728605811898,1.13965827380198,1.11515639707254,1.10268943639637,1.11715298830598,1.12312893443201,1.12685744197456,1.13661710591083
1.6432854203104,1.49989445283378,1.48225636615969,1.42463252887779,1.43796385872227,1.40170899987078,1.37054089835512,1.35423012263071,1.33729358388864,1.36862690101796,1.34777544337778,1.36718661488369,1.36348609018803,1.3850272424312,1.37235364735845,1.35462785658492,1.3548649520775,1.31316791896202,1.33269590060744,1.30172492401409,1.27430665798506,1.27607442436775,1.26820907722806,1.27472909937336,1.25537681395405,1.23724849246633,1.24136421956245,1.23770678212909,1.25124167796028,1.26174754037822,1.25083558341622,1.25056926119748,1.23323427298614,1.23148457430353,1.23344031902346,1.22553718845439,1.23994717392504,1.23530660358198,1.22285470620724,1.20623987796538
1.67591237345217,1.53490209078968,1.55937445925125,1.49030169333954,1.46904000954307,1.34939238758035,1.34862776263919,1.30491011314804,1.31123994281363,1.33236384298862,1.32548751893134,1.25942317300912,1.2403008497976,1.20497887287674,1.21462318975832,1.1974206411691,1.20241218825592,1.20720345288663,1.19133881836855,1.18317102914321,1.18501672361826,1.17736434741368,1.14339535742387,1.11894013057638,1.13661430588829,1.13727622877328,1.14716447370531,1.13789386755122,1.14882618296902,1.16088570115724,1.16126451319476,1.1783255340028,1.16042286064954,1.17174941291127,1.16813884463331,1.13996245862397,1.11080076658413,1.09324359704047,1.09233164383558,1.1060536602632
1.34105112907959,1.31462207512206,1.27181781647837,1.15816169525317,1.16401420325475,1.16964399193764,1.16154350803247,1.1394756982163,1.12832271758967,1.13655933560189,1.15712765367359,1.15680256350733,1.15892250373706,1.15022350933077,1.15479866571909,1.17342591131961,1.18298640450175,1.18514695534427,1.20863771646221,1.2090173520519,1.19722838029728,1.20007014011076,1.1919031991413,1.17052887664932,1.15999258774452,1.15454920025328,1.14046120458925,1.14696618000337,1.13789392181512,1.13341067844083,1.12159662186697,1.10044906681186,1.08091113887188,1.10451489146468,1.07352469728361,1.09116762763484,1.072113751165,1.0949821776135,1.11862847188841,1.10965619771312
1.59754039126387,1.41700633558369,1.48989515821399,1.418375541247,1.37520301385896,1.32018076005181,1.27899347089631,1.27429439912837,1.25297536707589,1.2304714662638,1.15491246011586,1.15557350943565,1.21003906903228,1.15483786925143,1.20081708686701,1.23382673987017,1.19909300299893,1.17686426813789,1.18092840183528,1.16348507385153,1.10800818142328,1.13918095712844,1.13987968715957,1.1279590217693,1.15530730444362,1.13643951459046,1.13127198596486,1.12087830245625,1.11327701027624,1.10936164296339,1.09339865794367,1.05987197073032,1.07485787402006,1.05343729323254,1.03623827992633,1.04310724255812,1.02940702702262,1.01823735869719,1.01741310546726,0.998894384163503
1.62915977714037,1.58694278388811,1.49296453819435,1.45241794196825,1.30109384671527,1.33373076877722,1.3374180273535,1.24722452932025,1.29479773255192,1.25012486488167,1.19771603084271,1.2077387928858,1.20373035342107,1.1852371090533,1.23741305944911,1.24214012577995,1.23805691327005,1.19358713218089,1.18289032982991,1.18135807983566,1.17645791339546,1.18088694692593,1.14820322629657,1.09921170062832,1.07292324463514,1.06208079388301,1.0644140129689,1.05091170638892,1.06465425823422,1.05965343685318,1.06470348115949,1.03972934837757,1.04498847472095,1.05429024724411,1.06774674803943,1.08338375014316,1.08395472998116,1.06140850353293,1.04521829972635,1.0580344602461
1.63963681904059,1.50813678025091,1.56255462489416,1.48091998070922,1.44331042998705,1.37656356441493,1.31671817639129,1.22845357407027,1.21293518731468,1.19296082065248,1.20046697944615,1.16649984225385,1.19554231320713,1.17450000463377,1.13070533606749,1.13288840464765,1.09813835439876,1.08903574769143,1.09376869095567,1.05589384727435,1.04592508017632,1.04427205957643,1.01808692086756,1.03399185269492,1.04030639462125,1.05633353720975,1.05977026811332,1.07405416565373,1.09185729568823,1.07028258984568,1.07929455870557,1.09792305972385,1.0875866897908,1.05734380608805,1.03341595835948,1.01990404781308,1.02819051041037,1.03482142423637,1.03171920625713,1.03706879676701
1.63253667462046,1.52483032471619,1.43392695631134,1.39320047706948,1.34045189107772,1.27928776626575,1.20683905601363,1.16441693533835,1.16940241776997,1.1518380925802,1.1517055983014,1.13576985102512,1.09592352677541,1.08506111319648,1.07601706633085,1.048625976652,1.05251916204463,1.07791767218834,1.07317976820331,1.10153999159478,1.10443202240263,1.08819083206821,1.1062851428739,1.07763651355785,1.07055873122839,1.0781640896702,1.04471228959812,1.0536194146154,1.05154308364214,1.03407859991232,1.06405444886842,1.07246597024378,1.07993798240559,1.07660487939398,1.08728907608988,1.10536611049427,1.11068296358672,1.11363090882998,1.12427329263112,1.11106135205077
1.66241587533003,1.68516183044367,1.65016684988854,1.50425537077593,1.48934210626506,1.42320821917762,1.34979693319475,1.29479582759695,1.2332001953207,1.21596279033858,1.23410952917677,1.21993816746648,1.17681603932146,1.16628799219089,1.13852290072215,1.1336539747726,1.18454689519798,1.17032383110584,1.14817652856557,1.16975865696282,1.14744566117967,1.14926916401248,1.13917529111763,1.13868042579373,1.15100009950768,1.13429877589366,1.14999522403223,1.13488771063248,1.13744721785281,1.14718544814431,1.18741524859398,1.19233161702286,1.20343233799604,1.20976669660806,1.21969852630005,1.17268745903714,1.1564865174973,1.12541061659706,1.11494297991084,1.10878905358896
1.67324199194443,1.57187019067872,1.48616322635278,1.48659127597347,1.43713213854646,1.37821765107935,1.32261742861388,1.26346202084863,1.25312616312017,1.28101377853882,1.27338001205028,1.23465725575721,1.20767451080373,1.16281369532701,1.15678973585988,1.15602669109678,1.09499754729548,1.08510523840804,1.10546405935784,1.14072123247121,1.11863880298065,1.11352208935632,1.0949140608645,1.11790582132202,1.10300464251715,1.10591896121975,1.10147288895286,1.09723921572724,1.05978911531272,1.03733727633154,1.03969821672614,1.04501907278286,1.04143158118286,1.04507592132514,1.03747450939087,1.01835912999771,1.03380733514945,1.01681767575181,1.01862100771687,1.01403926383832
1.74405960336473,1.60437031383009,1.53267293466116,1.45212289734674,1.44008144963711,1.32895358422076,1.27959764714648,1.23874051186594,1.18149799937399,1.14037599921099,1.12199609582944,1.11179859099546,1.06486943769146,1.05715003275984,1.09106626644483,1.13001979787056,1.12675309371118,1.11087950839884,1.09043947492026,1.09783904888135,1.10002866743888,1.09666488254616,1.08642270804944,1.07213486549962,1.04884140252222,1.04308186973601,1.05496809601794,1.02887584491241,1.03125615712601,1.03193816376154,1.03562349350917,1.04949621703495,1.07293134428476,1.07066828571708,1.08434669291915,1.09795795154097,1.08226690001491,1.06310980999593,1.05569893718182,1.03378858075869
1.76013494694031,1.53859681654177,1.49442460900202,1.42415960200834,1.37513098055984,1.31779076199681,1.32144484960047,1.27241660254687,1.26163834844435,1.21833220732552,1.16261711107609,1.11045602396856,1.11679717131771,1.07744204771898,1.08864188832149,1.05851526098922,1.03741094411458,1.01967702225705,1.03058053276488,1.00360249518253,1.03534110736766,1.02460825216933,1.01810108659465,1.01084813985109,1.02363980318459,1.03210333838509,1.04290094854564,1.03800351122802,1.02909264620274,1.03401294136574,1.06827652525685,1.06551957374921,1.07704447351365,1.06062605973712,1.07210292162478,1.06072797247432,1.06386657986578,1.05485537132415,1.04321088078546,1.03074877785853
1.52294449319661,1.5115512133671,1.4224911055358,1.39475254936516,1.29041132829692,1.28622388732049,1.24471832060149,1.22148530049398,1.17677493698131,1.12004395084792,1.10786596337296,1.08580319703792,1.08636148494806,1.12317492636003,1.14926614169923,1.16065101750022,1.19015980827325,1.19025330722103,1.17464540128601,1.14975546798878,1.13967270084336,1.16739618872531,1.16462634702667,1.16720841059187,1.17690039112217,1.18403954000826,1.19061870886607,1.1771642441102,1.21453135160768,1.22778770151804,1.18557782691835,1.16847696186898,1.14728101217362,1.14434702510906,1.16805643185528,1.1412846577426,1.12236688002913,1.12128000249311,1.11580825044474,1.09918047586033
1.52745517326462,1.4586506272389,1.35770048586776,1.34160524204362,1.30068041165032,1.27728653501858,1.27392319874535,1.21776370091331,1.26257116424559,1.23144793739994,1.18067555420967,1.1590692354875,1.13223931332699,1.14915475025855,1.11111489762286,1.12421249208735,1.13143114025092,1.11185878516732,1.11321029142689,1.10090925771223,1.1130154743355,1.10780944162728,1.10883817365964,1.09467902870483,1.06460629350184,1.06623510369961,1.05788395521148,1.03613898898736,1.02329370774378,1.04212847968766,1.04502585276243,1.04683559783595,1.06527737492931,1.07047503823437,1.08939643514307,1.07906768316983,1.07167233658806,1.08099160752045,1.05909338739909,1.04400011359091
1.52399876033809,1.41019769262252,1.43306406578553,1.39761070773011,1.35766206229468,1.2985400760637,1.30427168615305,1.32441299055609,1.28220705300994,1.24438056939085,1.23099675305188,1.23300309168498,1.22836523522664,1.20825589848277,1.15777118460521,1.17396826805163,1.15904422861116,1.13633481182835,1.10216183169415,1.09237649486814,1.08317395563547,1.07829812248307,1.08091219341041,1.07308837956776,1.10979433128843,1.11464953261359,1.07783686102472,1.05031573592546,1.05593455712516,1.06283295691553,1.02723482911325,1.01828775316607,1.03258745054584,1.0234891911508,1.00930890128426,1.00121101334935,1.01579400763384,0.984430907770371,0.989243732839221,0.988882238760252
1.70614415259418,1.5993647055083,1.52221047946636,1.47119160937077,1.43995120528395,1.51580779324996,1.47978047801516,1.35641426563132,1.26250267269378,1.15597157980152,1.14011076626521,1.14329123110285,1.10655930920692,1.05579485529724,1.06609724750855,1.05288003522777,1.04346886092695,1.0290818915435,1.03038717437394,1.03611758985722,1.03977033160131,1.02970684046544,1.0372621094515,1.04865077218607,1.03051653251997,1.04066737319965,1.06338756571133,1.06164288012545,1.05847142180147,1.08481073261426,1.08265343658316,1.07984010284666,1.08989082676118,1.09467542392528,1.0791597950231,1.09675848746805,1.08293016293097,1.07580219213805,1.09024838962965,1.08802967872605
1.4352803092985,1.31350111347516,1.22486114374402,1.15229791249794,1.20650572799171,1.20107598279002,1.18689235620506,1.14959361857806,1.14871270049577,1.15618360590803,1.14304779274151,1.15802223355502,1.12168381151554,1.12576075802453,1.0998052058159,1.09579071617811,1.08662988907817,1.06998106285109,1.07444052535166,1.115836807841,1.10918516194947,1.13747873789481,1.07171242079405,1.08352950271247,1.07600358259317,1.07801119662921,1.05941449938397,1.04057429606649,1.04989719196619,1.04792256453311,1.04632060044677,1.04117702863301,1.03380876943,1.01371221039743,1.00107509875625,0.990256721177905,0.991941470907853,0.985342705900826,0.990561852434724,1.00218011952487
1.45255550058022,1.39214806375004,1.28984524542587,1.26370039335971,1.32988261087705,1.31197654059423,1.27220932781041,1.23751425063669,1.22710230563048,1.25256315045808,1.23926583372006,1.14409790851666,1.18825901139514,1.13587620910707,1.09009320610076,1.10356715910787,1.11244669263742,1.06684339392839,1.04358652882646,1.02519788970054,1.00867248666146,1.01210485004863,1.02772867622303,1.01530846768971,0.989617355305315,0.992215316479751,0.970083504721621,0.976957716823423,0.975295009159086,0.969436307091242,0.98136927499412,0.944384744294446,0.933652095880019,0.940183105631592,0.964590495850688,0.976179370526314,0.961211197808669,0.959520498129739,1.0019179148987,0.990779873863554
1.69491007398873,1.5128726801451,1.33112390638779,1.22579755630748,1.25241785467227,1.16604364334294,1.16727467771813,1.17586376509644,1.15505184491304,1.20309703552402,1.23066195421166,1.20262798452661,1.16242214370438,1.13424034867706,1.13078868630642,1.06622572184082,1.04370589985893,1.0432305162786,1.03837991297826,1.0386704623085,1.02851217745994,0.997482326916112,0.999499776144195,0.999089292552942,1.00345458482826,1.00350500156041,0.996920940202092,1.00440146056118,1.06824969325663,1.07847547895517,1.08534163454567,1.08735041669984,1.08020259786579,1.07932732137836,1.09050447835668,1.09796867490286,1.12147030993511,1.14009853892343,1.11520705748443,1.10767284158219
1.73528555799614,1.63920978009086,1.46795332359869,1.44481778992883,1.31074005730404,1.26315900930583,1.22754095031065,1.1700090868901,1.13230783979857,1.12757955751587,1.13615005154275,1.1217549188435,1.07854474367753,1.08124500817805,1.09129636435168,1.05917470507441,1.07432872402073,1.08766715620361,1.06998526797414,1.09584369860585,1.09263882120767,1.11792578399889,1.1513379988716,1.17291392547516,1.21757771661566,1.18252165361368,1.16889996831699,1.17875101163959,1.18103695257384,1.19338910429509,1.18092784297042,1.17904373780131,1.17097192991566,1.13083782618195,1.13366278993727,1.13517370053027,1.11527806084448,1.09876572309421,1.11048831572295,1.10708767286129
1.47297223831086,1.41614010960462,1.38310282917074,1.27936942504564,1.2239341610903,1.22337791615867,1.24057555854298,1.19966430993157,1.18443810757868,1.21135479488397,1.17504761908158,1.1613404634925,1.13570319816477,1.18417141297732,1.15239093324482,1.17291651722088,1.16660206705397,1.19317723942983,1.23240738479538,1.2322353914117,1.21142587504896,1.22297393578017,1.22834143177975,1.16164250823403,1.16997484232924,1.17925998824216,1.17671139955835,1.19012583157114,1.19711487234498,1.18027270292743,1.1898464345259,1.18916471376694,1.19820175366236,1.2058510171279,1.18453989134725,1.17415363705935,1.1681945853151,1.16063208966233,1.16260359420119,1.19073682203046
1.73247845843369,1.52788530777581,1.47862954823682,1.38744400600843,1.29761276059209,1.26486038630504,1.28690042773658,1.22555465872349,1.21161795262493,1.17959626409367,1.12361815996281,1.09706908373419,1.10713195341558,1.10346785934458,1.09137477432872,1.11634848238443,1.14052481223088,1.14328802629473,1.13310588653948,1.13645698700559,1.13540592181093,1.14002116140482,1.14707788119923,1.16290904402371,1.16456203978661,1.1955332598786,1.1894410918684,1.2077776668236,1.2050774269481,1.1984296650667,1.21249143499444,1.22282078184638,1.20047093026848,1.22010449278801,1.200018705612,1.20732680263599,1.19313405682841,1.19878816232509,1.22511680792841,1.24982912304536
